0	0
1	0
2	0
3	0
4	0
5	0
6	0
7	0
8	0
9	0
10	0
11	0
12	0
13	0
14	0
15	0
16	0
17	0
18	0
19	0
20	0
21	0
22	0
23	0
24	0
25	0
26	0
27	0
28	0
29	0
30	0
31	0
32	0
33	0
34	0
35	0
36	0
37	0
38	0
39	0
40	0
41	0
42	0
43	0
44	0
45	0
46	0
47	0
48	0
49	0
50	0
51	0
52	0
53	0
54	0
55	0
56	0
57	0
58	0
59	0
60	0
61	0
62	0
63	0
64	0
65	0
66	0
67	0
68	0
69	0
70	0
71	0
72	0
73	0
74	0
75	0
76	0
77	0
78	0
79	0
80	0
81	0
82	0
83	0
84	0
85	0
86	0
87	0
88	0
89	0
90	0
91	0
92	0
93	0
94	0
95	0
96	0
97	0
98	0
99	0
100	0
101	0
102	0
103	0
104	0
105	0
106	0
107	0
108	0
109	0
110	0
111	0
112	0
113	0
114	0
115	0
116	0
117	0
118	0
119	0
120	0
121	0
122	0
123	0
124	0
125	0
126	0
127	0
128	0
129	0
130	0
131	0
132	0
133	0
134	0
135	0
136	0
137	0
138	0
139	0
140	0
141	0
142	0
143	0
144	0
145	0
146	0
147	0
148	0
149	0
150	0
151	0
152	0
153	0
154	0
155	0
156	0
157	0
158	14
159	73
160	134
161	247
162	404
163	631
164	1139
165	6247
166	12951
167	12719
168	12640
169	12426
170	12343
171	12464
172	12772
173	12758
174	12787
175	12862
176	12967
177	12799
178	12869
179	12799
180	12611
181	12756
182	12847
183	12716
184	12682
185	12714
186	12763
187	12645
188	12543
189	12721
190	12809
191	12915
192	12865
193	12822
194	12600
195	12736
196	12724
197	12957
198	12969
199	12847
200	12961
201	12944
202	12667
203	12682
204	12750
205	12780
206	12918
207	12848
208	12498
209	12742
210	12820
211	12766
212	12634
213	12595
214	12620
215	12717
216	12504
217	12537
218	12625
219	12783
220	12738
221	12593
222	12424
223	12625
224	12698
225	12624
226	12543
227	12394
228	12473
229	12464
230	12535
231	12598
232	12272
233	12161
234	12377
235	12415
236	12345
237	12399
238	12480
239	12337
240	12280
241	12294
242	12245
243	12174
244	12384
245	12174
246	12087
247	12140
248	12218
249	12299
250	12166
251	12450
252	11958
253	12060
254	12012
255	12136
256	11848
257	12045
258	12044
259	11917
260	12063
261	11877
262	12069
263	11910
264	11931
265	11769
266	11741
267	11915
268	11883
269	11722
270	11941
271	11888
272	11942
273	11968
274	11999
275	11725
276	11603
277	11725
278	11774
279	11689
280	11938
281	11734
282	11667
283	11620
284	11443
285	11694
286	11412
287	11438
288	11450
289	11387
290	11447
291	11290
292	11529
293	11328
294	11333
295	11394
296	11459
297	11352
298	11350
299	11421
300	11391
301	11037
302	11231
303	11168
304	11390
305	11371
306	11166
307	11110
308	11356
309	11235
310	10994
311	11047
312	11131
313	11103
314	10924
315	11117
316	11206
317	11160
318	11065
319	10879
320	10920
321	10826
322	11045
323	10710
324	10791
325	10522
326	10611
327	10777
328	10703
329	10676
330	10547
331	10529
332	10558
333	10650
334	10483
335	10611
336	10548
337	10660
338	10372
339	10627
340	10500
341	10506
342	10513
343	10519
344	10537
345	10692
346	10646
347	10262
348	10140
349	10313
350	10236
351	10299
352	10182
353	10285
354	10541
355	10511
356	10385
357	10218
358	10291
359	10040
360	9973
361	10238
362	10464
363	9980
364	10078
365	10052
366	10169
367	10121
368	9918
369	10121
370	10219
371	10451
372	11626
373	12931
374	13753
375	14213
376	13424
377	12023
378	11099
379	10214
380	9828
381	9939
382	9705
383	9712
384	9691
385	9773
386	9665
387	9850
388	9911
389	9683
390	9746
391	9591
392	9589
393	9597
394	9427
395	9608
396	9672
397	9508
398	9460
399	9665
400	9611
401	9486
402	9434
403	9708
404	9369
405	9556
406	9398
407	9419
408	9658
409	9531
410	9742
411	9796
412	9732
413	9554
414	9397
415	9230
416	9109
417	9321
418	9390
419	9421
420	9439
421	9233
422	9508
423	9156
424	9166
425	9160
426	9208
427	9013
428	9154
429	9292
430	9087
431	9051
432	9117
433	9065
434	9173
435	8899
436	9017
437	9004
438	8934
439	8930
440	8980
441	8831
442	9027
443	8919
444	8870
445	9026
446	8792
447	8925
448	8969
449	8897
450	8831
451	8736
452	8763
453	8869
454	8901
455	8724
456	8758
457	8870
458	8791
459	8790
460	8770
461	8862
462	8714
463	8718
464	8764
465	8817
466	8654
467	8787
468	8618
469	8572
470	8471
471	8758
472	8734
473	8812
474	8688
475	8573
476	8606
477	8706
478	8585
479	8746
480	8535
481	8609
482	8617
483	8700
484	8558
485	8558
486	8646
487	8568
488	8557
489	8517
490	8693
491	8562
492	8602
493	8677
494	8664
495	8605
496	8697
497	8549
498	8565
499	8656
500	8378
501	8461
502	8422
503	8527
504	8481
505	8403
506	8403
507	8472
508	8548
509	8347
510	8288
511	8412
512	8322
513	8399
514	8285
515	8291
516	8376
517	8332
518	8300
519	8274
520	8368
521	8372
522	8291
523	8305
524	8226
525	8302
526	8180
527	8199
528	8366
529	8141
530	8274
531	8344
532	8158
533	8276
534	8189
535	8155
536	8233
537	8350
538	8050
539	8010
540	8075
541	8256
542	8191
543	8086
544	8048
545	7991
546	8193
547	8275
548	8086
549	8113
550	8068
551	8159
552	8251
553	8304
554	8341
555	8474
556	8347
557	8324
558	8559
559	8489
560	8271
561	8176
562	8166
563	8007
564	7934
565	7911
566	7880
567	7803
568	7936
569	7981
570	8148
571	8087
572	8095
573	8129
574	8023
575	7824
576	7767
577	7754
578	7623
579	7878
580	7659
581	7794
582	7908
583	7766
584	7551
585	7803
586	7609
587	7749
588	7791
589	7556
590	7769
591	7794
592	7636
593	7617
594	7616
595	7757
596	7534
597	7568
598	7455
599	7519
600	7540
601	7420
602	7529
603	7457
604	7587
605	7629
606	7485
607	7524
608	7546
609	7393
610	7369
611	7422
612	7395
613	7295
614	7253
615	7313
616	7378
617	7397
618	7366
619	7407
620	7283
621	7337
622	7381
623	7240
624	7250
625	7197
626	7305
627	7347
628	7292
629	7227
630	7357
631	7364
632	7098
633	7313
634	7219
635	7292
636	7124
637	7234
638	7111
639	7324
640	7241
641	7092
642	7295
643	7246
644	7093
645	7175
646	7332
647	7307
648	7563
649	7752
650	7666
651	7473
652	7396
653	7322
654	7259
655	7022
656	7069
657	7041
658	7048
659	7028
660	7030
661	7105
662	7042
663	6998
664	6925
665	6910
666	7068
667	6893
668	7055
669	6918
670	7029
671	6944
672	6914
673	7066
674	6925
675	6841
676	7014
677	6951
678	6990
679	6843
680	7118
681	6928
682	6862
683	6973
684	6867
685	6899
686	6858
687	6886
688	6781
689	6869
690	6857
691	6868
692	6940
693	6695
694	6938
695	6929
696	6909
697	6888
698	6884
699	6760
700	6822
701	6871
702	6983
703	6937
704	6858
705	6899
706	7002
707	6968
708	6950
709	6853
710	6842
711	6992
712	6896
713	6976
714	6931
715	7024
716	6975
717	7142
718	7030
719	6953
720	7106
721	6913
722	7065
723	7113
724	7064
725	7132
726	7123
727	7150
728	7086
729	7187
730	7126
731	7106
732	7129
733	7073
734	7087
735	7263
736	7141
737	7136
738	6983
739	7200
740	7184
741	7367
742	7102
743	7133
744	7108
745	7063
746	7046
747	7066
748	7233
749	7224
750	7089
751	7252
752	7093
753	7216
754	7137
755	7073
756	7062
757	7218
758	7146
759	7020
760	7027
761	7061
762	7038
763	6995
764	6980
765	6975
766	7119
767	7034
768	7055
769	7055
770	6995
771	7060
772	7005
773	7066
774	6902
775	7113
776	7089
777	6940
778	6940
779	7003
780	7114
781	7064
782	7050
783	7052
784	7232
785	6984
786	6932
787	7138
788	7210
789	7086
790	7149
791	7173
792	7091
793	7128
794	7102
795	7188
796	6990
797	7046
798	7119
799	7110
800	7243
801	7125
802	7112
803	7061
804	7121
805	7211
806	7224
807	7232
808	6998
809	7220
810	7149
811	7119
812	7065
813	6899
814	7161
815	6993
816	6989
817	7099
818	6934
819	6964
820	7166
821	7043
822	6913
823	7020
824	6932
825	7114
826	6938
827	6920
828	6931
829	7078
830	6937
831	6741
832	6928
833	7011
834	6883
835	6954
836	6833
837	6877
838	6864
839	7010
840	6804
841	6833
842	6911
843	6837
844	6842
845	6897
846	6851
847	6983
848	6856
849	6944
850	6877
851	6876
852	6786
853	6811
854	6855
855	6784
856	6862
857	6904
858	6925
859	6736
860	6981
861	6873
862	6808
863	6839
864	6900
865	6959
866	6948
867	6974
868	6870
869	6925
870	6905
871	6930
872	6891
873	6881
874	7025
875	7013
876	7012
877	6902
878	7006
879	7136
880	7055
881	6995
882	7097
883	7056
884	7141
885	7051
886	7282
887	7198
888	7138
889	7173
890	7206
891	7207
892	7223
893	7204
894	7073
895	7149
896	7347
897	7382
898	7675
899	8410
900	9919
901	12054
902	13894
903	14972
904	13708
905	11598
906	9597
907	8246
908	7438
909	7229
910	7124
911	7194
912	7013
913	7111
914	7164
915	7132
916	7075
917	6973
918	7115
919	7100
920	6948
921	6892
922	6840
923	6959
924	6943
925	6811
926	6753
927	6825
928	6932
929	7070
930	6875
931	6794
932	6853
933	6852
934	6775
935	6750
936	6782
937	6641
938	6637
939	6686
940	6674
941	6744
942	6641
943	6766
944	6776
945	6755
946	6624
947	6640
948	6728
949	6627
950	6574
951	6678
952	6647
953	6527
954	6773
955	6719
956	6633
957	6648
958	6565
959	6585
960	6670
961	6643
962	6685
963	6679
964	6687
965	6574
966	6565
967	6748
968	6740
969	6527
970	6625
971	6698
972	6629
973	6583
974	6627
975	6742
976	6424
977	6638
978	6563
979	6496
980	6462
981	6640
982	6491
983	6645
984	6649
985	6616
986	6481
987	6552
988	6562
989	6492
990	6376
991	6396
992	6465
993	6383
994	6369
995	6474
996	6560
997	6365
998	6380
999	6480
1000	6322
1001	6462
1002	6452
1003	6410
1004	6192
1005	6390
1006	6392
1007	6272
1008	6353
1009	6333
1010	6222
1011	6367
1012	6218
1013	6175
1014	6242
1015	6306
1016	6339
1017	6242
1018	6287
1019	6167
1020	6231
1021	6168
1022	6182
1023	6304
1024	5991
1025	6085
1026	6025
1027	6209
1028	6145
1029	6128
1030	6133
1031	6026
1032	6128
1033	5977
1034	6141
1035	6086
1036	6063
1037	5957
1038	6033
1039	5843
1040	6048
1041	5988
1042	6002
1043	5897
1044	6114
1045	5805
1046	6062
1047	5944
1048	5944
1049	5896
1050	5838
1051	5803
1052	5868
1053	5980
1054	5984
1055	5858
1056	5851
1057	5851
1058	5953
1059	5820
1060	5894
1061	5813
1062	5840
1063	5915
1064	5803
1065	5870
1066	5824
1067	5673
1068	5636
1069	5685
1070	5868
1071	5707
1072	5706
1073	5753
1074	5772
1075	5820
1076	5796
1077	5831
1078	5817
1079	6021
1080	5781
1081	5982
1082	5634
1083	5687
1084	5703
1085	5725
1086	5669
1087	5525
1088	5567
1089	5638
1090	5718
1091	5603
1092	5759
1093	5677
1094	5679
1095	5631
1096	5700
1097	5551
1098	5516
1099	5574
1100	5559
1101	5541
1102	5685
1103	5708
1104	5431
1105	5580
1106	5544
1107	5667
1108	5661
1109	5679
1110	5585
1111	6079
1112	6117
1113	6805
1114	7289
1115	7671
1116	7498
1117	7031
1118	6444
1119	5919
1120	5698
1121	5520
1122	5513
1123	5384
1124	5548
1125	5384
1126	5509
1127	5458
1128	5428
1129	5423
1130	5518
1131	5403
1132	5473
1133	5511
1134	5416
1135	5389
1136	5323
1137	5456
1138	5380
1139	5434
1140	5377
1141	5491
1142	5416
1143	5406
1144	5281
1145	5332
1146	5335
1147	5191
1148	5399
1149	5459
1150	5354
1151	5267
1152	5227
1153	5310
1154	5308
1155	5271
1156	5157
1157	5263
1158	5178
1159	5468
1160	5249
1161	5262
1162	5242
1163	5332
1164	5238
1165	5112
1166	5157
1167	5222
1168	5193
1169	5264
1170	5151
1171	5034
1172	5301
1173	5289
1174	5219
1175	5231
1176	5255
1177	5228
1178	5193
1179	5161
1180	5164
1181	5260
1182	5287
1183	5213
1184	5249
1185	5165
1186	5099
1187	5130
1188	5234
1189	5222
1190	5215
1191	5215
1192	5187
1193	5162
1194	5184
1195	5259
1196	5167
1197	5153
1198	5113
1199	5198
1200	4957
1201	5033
1202	5110
1203	5125
1204	5361
1205	5227
1206	5101
1207	5124
1208	5251
1209	5036
1210	5071
1211	4934
1212	5012
1213	5107
1214	5106
1215	4923
1216	5039
1217	4976
1218	5072
1219	4966
1220	5009
1221	4892
1222	4958
1223	4978
1224	4967
1225	5043
1226	4975
1227	5023
1228	4911
1229	4965
1230	5038
1231	4998
1232	5052
1233	4986
1234	4833
1235	4876
1236	4949
1237	4977
1238	5011
1239	5002
1240	5000
1241	4893
1242	5049
1243	4834
1244	4862
1245	4841
1246	4819
1247	4963
1248	4958
1249	4868
1250	4893
1251	5032
1252	4969
1253	5146
1254	5036
1255	4849
1256	4911
1257	4927
1258	4806
1259	4833
1260	4803
1261	4793
1262	4785
1263	4776
1264	4794
1265	4955
1266	4836
1267	4888
1268	4851
1269	4913
1270	4973
1271	4977
1272	4913
1273	4904
1274	4856
1275	4888
1276	4931
1277	4816
1278	4939
1279	4960
1280	4827
1281	4864
1282	4833
1283	4884
1284	4844
1285	4714
1286	4857
1287	4880
1288	4884
1289	4819
1290	4917
1291	4817
1292	4850
1293	4761
1294	4887
1295	4718
1296	4803
1297	4816
1298	4646
1299	4669
1300	4778
1301	4789
1302	4927
1303	4936
1304	4974
1305	5070
1306	5179
1307	4943
1308	4809
1309	4882
1310	4732
1311	4757
1312	4755
1313	4693
1314	4772
1315	4776
1316	4719
1317	4722
1318	4737
1319	4634
1320	4745
1321	4862
1322	4735
1323	4715
1324	4685
1325	4854
1326	4881
1327	4750
1328	4589
1329	4794
1330	4743
1331	4915
1332	4663
1333	4776
1334	4622
1335	4732
1336	4806
1337	4810
1338	4712
1339	4698
1340	4796
1341	4767
1342	4634
1343	4864
1344	4806
1345	4692
1346	4751
1347	4727
1348	4711
1349	4684
1350	4648
1351	4711
1352	4723
1353	4802
1354	4879
1355	4786
1356	4678
1357	4702
1358	4708
1359	4666
1360	4743
1361	4721
1362	4712
1363	4835
1364	4697
1365	4659
1366	4699
1367	4656
1368	4756
1369	4772
1370	4846
1371	4808
1372	4697
1373	4786
1374	4715
1375	4742
1376	4652
1377	4584
1378	4629
1379	4739
1380	4678
1381	4756
1382	4739
1383	4741
1384	4762
1385	4667
1386	4704
1387	4717
1388	4718
1389	4649
1390	4582
1391	4623
1392	4569
1393	4757
1394	4694
1395	4624
1396	4679
1397	4698
1398	4597
1399	4785
1400	4690
1401	4702
1402	4665
1403	4586
1404	4748
1405	4530
1406	4722
1407	4749
1408	4684
1409	4786
1410	4748
1411	5099
1412	5333
1413	5502
1414	5597
1415	5302
1416	5295
1417	5062
1418	4818
1419	4646
1420	4650
1421	4562
1422	4657
1423	4739
1424	4678
1425	4523
1426	4608
1427	4735
1428	4480
1429	4543
1430	4609
1431	4624
1432	4584
1433	4656
1434	4721
1435	4728
1436	4627
1437	4758
1438	4758
1439	4709
1440	4689
1441	4545
1442	4855
1443	4633
1444	4648
1445	4716
1446	4651
1447	4763
1448	4694
1449	4662
1450	4623
1451	4660
1452	4625
1453	4741
1454	4793
1455	4713
1456	4663
1457	4761
1458	4613
1459	4636
1460	4793
1461	4691
1462	4734
1463	4656
1464	4697
1465	4664
1466	4755
1467	4574
1468	4786
1469	4616
1470	4727
1471	4785
1472	4735
1473	4590
1474	4592
1475	4657
1476	4694
1477	4629
1478	4692
1479	4668
1480	4546
1481	4617
1482	4542
1483	4617
1484	4550
1485	4879
1486	4718
1487	4787
1488	4643
1489	4702
1490	4719
1491	4597
1492	4599
1493	4777
1494	4727
1495	4655
1496	4655
1497	4642
1498	4578
1499	4587
1500	4695
1501	4782
1502	4709
1503	4637
1504	4601
1505	4641
1506	4816
1507	4630
1508	4759
1509	4700
1510	4627
1511	4703
1512	4584
1513	4600
1514	4709
1515	4583
1516	4654
1517	4727
1518	4694
1519	4669
1520	4798
1521	4587
1522	4658
1523	4601
1524	4648
1525	4492
1526	4549
1527	4798
1528	4586
1529	4655
1530	4641
1531	4729
1532	4556
1533	4526
1534	4618
1535	4587
1536	4580
1537	4534
1538	4603
1539	4667
1540	4608
1541	4537
1542	4613
1543	4594
1544	4359
1545	4424
1546	4515
1547	4458
1548	4504
1549	4457
1550	4403
1551	4281
1552	4430
1553	4238
1554	4381
1555	4256
1556	4364
1557	4158
1558	4345
1559	4276
1560	4288
1561	4170
1562	4182
1563	4147
1564	4118
1565	4193
1566	4226
1567	4264
1568	4116
1569	4108
1570	4106
1571	4058
1572	4222
1573	4074
1574	4088
1575	4226
1576	4130
1577	4081
1578	4186
1579	3899
1580	3995
1581	4140
1582	4061
1583	4067
1584	4096
1585	4138
1586	4085
1587	4120
1588	4012
1589	3974
1590	4009
1591	3921
1592	4044
1593	4024
1594	4113
1595	4007
1596	4036
1597	4032
1598	3991
1599	4086
1600	4021
1601	4033
1602	4021
1603	4114
1604	3909
1605	3968
1606	3928
1607	3984
1608	3904
1609	4030
1610	3950
1611	3948
1612	3954
1613	3911
1614	3794
1615	3940
1616	3912
1617	3913
1618	3843
1619	3983
1620	3993
1621	3918
1622	4007
1623	3887
1624	4078
1625	3950
1626	3898
1627	3984
1628	3936
1629	3939
1630	3981
1631	3905
1632	3943
1633	4037
1634	3933
1635	3893
1636	4019
1637	3920
1638	4060
1639	3949
1640	3985
1641	3835
1642	3858
1643	3892
1644	3931
1645	3964
1646	3961
1647	3901
1648	3830
1649	3928
1650	3821
1651	3850
1652	3890
1653	3819
1654	3975
1655	3807
1656	3859
1657	3746
1658	3836
1659	3957
1660	3812
1661	3965
1662	3892
1663	3855
1664	3807
1665	3794
1666	3876
1667	3842
1668	3859
1669	3936
1670	3847
1671	3880
1672	3777
1673	3709
1674	3800
1675	3747
1676	4020
1677	3800
1678	3925
1679	3938
1680	3958
1681	3931
1682	3900
1683	3862
1684	3888
1685	3841
1686	3861
1687	3865
1688	3862
1689	3854
1690	3787
1691	3858
1692	3931
1693	3846
1694	3804
1695	3745
1696	3737
1697	3788
1698	3695
1699	3821
1700	3758
1701	3654
1702	3869
1703	3962
1704	3799
1705	3714
1706	3674
1707	3710
1708	3775
1709	3720
1710	3882
1711	3827
1712	3729
1713	3905
1714	3826
1715	3699
1716	3819
1717	3755
1718	3839
1719	3719
1720	3855
1721	3749
1722	3709
1723	3780
1724	3768
1725	3937
1726	3709
1727	3742
1728	3696
1729	3767
1730	3854
1731	3692
1732	3839
1733	3768
1734	3872
1735	3715
1736	3655
1737	3808
1738	3752
1739	3660
1740	3690
1741	3753
1742	3778
1743	3841
1744	3678
1745	3733
1746	3748
1747	3720
1748	3803
1749	3733
1750	3751
1751	3824
1752	3733
1753	3728
1754	3771
1755	3722
1756	3748
1757	3650
1758	3780
1759	3661
1760	3685
1761	3773
1762	3689
1763	3679
1764	3709
1765	3768
1766	3579
1767	3683
1768	3690
1769	3594
1770	3715
1771	3759
1772	3549
1773	3689
1774	3688
1775	3799
1776	3746
1777	3639
1778	3703
1779	3626
1780	3608
1781	3598
1782	3640
1783	3592
1784	3610
1785	3689
1786	3529
1787	3558
1788	3583
1789	3498
1790	3484
1791	3431
1792	3478
1793	3535
1794	3436
1795	3572
1796	3374
1797	3433
1798	3438
1799	3335
1800	3492
1801	3377
1802	3377
1803	3440
1804	3349
1805	3333
1806	3424
1807	3504
1808	3356
1809	3402
1810	3414
1811	3273
1812	3360
1813	3309
1814	3356
1815	3368
1816	3297
1817	3403
1818	3347
1819	3372
1820	3367
1821	3263
1822	3276
1823	3406
1824	3226
1825	3333
1826	3235
1827	3310
1828	3241
1829	3275
1830	3306
1831	3267
1832	3325
1833	3224
1834	3210
1835	3342
1836	3229
1837	3284
1838	3339
1839	3324
1840	3177
1841	3321
1842	3330
1843	3229
1844	3334
1845	3366
1846	3322
1847	3293
1848	3357
1849	3263
1850	3505
1851	3313
1852	3359
1853	3217
1854	3185
1855	3351
1856	3120
1857	3209
1858	3196
1859	3259
1860	3265
1861	3188
1862	3178
1863	3198
1864	3241
1865	3186
1866	3304
1867	3160
1868	3273
1869	3235
1870	3263
1871	3086
1872	3291
1873	3232
1874	3206
1875	3321
1876	3244
1877	3264
1878	3198
1879	3233
1880	3220
1881	3252
1882	3232
1883	3180
1884	3228
1885	3216
1886	3269
1887	3201
1888	3170
1889	3157
1890	3137
1891	3211
1892	3072
1893	3317
1894	3234
1895	3154
1896	3271
1897	3249
1898	3182
1899	3232
1900	3241
1901	3243
1902	3243
1903	3192
1904	3129
1905	3112
1906	3275
1907	3271
1908	3269
1909	3137
1910	3248
1911	3136
1912	3231
1913	3134
1914	3264
1915	3187
1916	3176
1917	3186
1918	3097
1919	3271
1920	3265
1921	3166
1922	3130
1923	3178
1924	3211
1925	3239
1926	3161
1927	3232
1928	3205
1929	3155
1930	3181
1931	3118
1932	3206
1933	3145
1934	3138
1935	3198
1936	3111
1937	3136
1938	3237
1939	3135
1940	3215
1941	3145
1942	3198
1943	3249
1944	3092
1945	3211
1946	3182
1947	3172
1948	3184
1949	3130
1950	3222
1951	3066
1952	3202
1953	3079
1954	3187
1955	3142
1956	3084
1957	3125
1958	3226
1959	3170
1960	3142
1961	3189
1962	3147
1963	3164
1964	3141
1965	3147
1966	3142
1967	3174
1968	3211
1969	3187
1970	3123
1971	3219
1972	3074
1973	3172
1974	3174
1975	3099
1976	3225
1977	3168
1978	3125
1979	3198
1980	3145
1981	3109
1982	3070
1983	3049
1984	3134
1985	3207
1986	3310
1987	3252
1988	3146
1989	3130
1990	3130
1991	3131
1992	3150
1993	3152
1994	3177
1995	3123
1996	3120
1997	3128
1998	3169
1999	3109
2000	3081
2001	3206
2002	3181
2003	3091
2004	3122
2005	3152
2006	3180
2007	3129
2008	3200
2009	3153
2010	3112
2011	3131
2012	3175
2013	3086
2014	3148
2015	3251
2016	3168
2017	3199
2018	3129
2019	3200
2020	3131
2021	3089
2022	3084
2023	3165
2024	3048
2025	3098
2026	3196
2027	3135
2028	3146
2029	3182
2030	3148
2031	3020
2032	3098
2033	3015
2034	3165
2035	3169
2036	3145
2037	3085
2038	3251
2039	3176
2040	3101
2041	3090
2042	3172
2043	3094
2044	3166
2045	3041
2046	3148
2047	3216
2048	3054
2049	3158
2050	3219
2051	3169
2052	3105
2053	3162
2054	3166
2055	3177
2056	3218
2057	3153
2058	3169
2059	3223
2060	3029
2061	3240
2062	3097
2063	3042
2064	3199
2065	3152
2066	3174
2067	3152
2068	3117
2069	3213
2070	3300
2071	3236
2072	3337
2073	3430
2074	3463
2075	3634
2076	3923
2077	4232
2078	4663
2079	5107
2080	5692
2081	6275
2082	6471
2083	7018
2084	7336
2085	7361
2086	7214
2087	6995
2088	6524
2089	5903
2090	5374
2091	4752
2092	4289
2093	3992
2094	3761
2095	3448
2096	3417
2097	3374
2098	3253
2099	3145
2100	2996
2101	3019
2102	3046
2103	3025
2104	2979
2105	2986
2106	3061
2107	2915
2108	2974
2109	3033
2110	3013
2111	3016
2112	2939
2113	3087
2114	2917
2115	2949
2116	3012
2117	3004
2118	3007
2119	2921
2120	2972
2121	2878
2122	2967
2123	2848
2124	3002
2125	3070
2126	2990
2127	2935
2128	2940
2129	2951
2130	2948
2131	2963
2132	2863
2133	2965
2134	3022
2135	2984
2136	2908
2137	2917
2138	2956
2139	2963
2140	2982
2141	2999
2142	2923
2143	2836
2144	2814
2145	3013
2146	3014
2147	2937
2148	3036
2149	2946
2150	2976
2151	2912
2152	2944
2153	3011
2154	2966
2155	2974
2156	2935
2157	2960
2158	3010
2159	3008
2160	2875
2161	2916
2162	2959
2163	2918
2164	2953
2165	2888
2166	2858
2167	2924
2168	3022
2169	2972
2170	3035
2171	2913
2172	3002
2173	2920
2174	2936
2175	2959
2176	2908
2177	2963
2178	2950
2179	2899
2180	2939
2181	2831
2182	2937
2183	2930
2184	2963
2185	3001
2186	3036
2187	2946
2188	2872
2189	2852
2190	2992
2191	3025
2192	2941
2193	2971
2194	2926
2195	2933
2196	3017
2197	3002
2198	2935
2199	2821
2200	2910
2201	2948
2202	2938
2203	2892
2204	2954
2205	2946
2206	2942
2207	3013
2208	2904
2209	2984
2210	2948
2211	2983
2212	2944
2213	2928
2214	2982
2215	2979
2216	2936
2217	2913
2218	2905
2219	3049
2220	2974
2221	3042
2222	2984
2223	3073
2224	2979
2225	2984
2226	3037
2227	2954
2228	3142
2229	3085
2230	2940
2231	3032
2232	3052
2233	3079
2234	3068
2235	3137
2236	3178
2237	3160
2238	3120
2239	3181
2240	3240
2241	3280
2242	3225
2243	3202
2244	3260
2245	3263
2246	3323
2247	3360
2248	3338
2249	3282
2250	3316
2251	3393
2252	3448
2253	3562
2254	4093
2255	5391
2256	8307
2257	14892
2258	26695
2259	44134
2260	63054
2261	78074
2262	82841
2263	75396
2264	58011
2265	39048
2266	23076
2267	12699
2268	7161
2269	4565
2270	3563
2271	3353
2272	3186
2273	3136
2274	3287
2275	3222
2276	3494
2277	4075
2278	4931
2279	6008
2280	7033
2281	7740
2282	7591
2283	6942
2284	5825
2285	4613
2286	3922
2287	3415
2288	3170
2289	3141
2290	2979
2291	3118
2292	3154
2293	3031
2294	3075
2295	3095
2296	3101
2297	3123
2298	3164
2299	3102
2300	3130
2301	3124
2302	3036
2303	3157
2304	2928
2305	3054
2306	3110
2307	3192
2308	3066
2309	3129
2310	3111
2311	3012
2312	3184
2313	3049
2314	3091
2315	3053
2316	3086
2317	2986
2318	3102
2319	2975
2320	3036
2321	3101
2322	3090
2323	3040
2324	2960
2325	3006
2326	3048
2327	3009
2328	3129
2329	3072
2330	3099
2331	3179
2332	3077
2333	3087
2334	3114
2335	3091
2336	3082
2337	3110
2338	3045
2339	3004
2340	3094
2341	3070
2342	3035
2343	3063
2344	3066
2345	3084
2346	3031
2347	3095
2348	3117
2349	3022
2350	3018
2351	3111
2352	3067
2353	3017
2354	3058
2355	3072
2356	3107
2357	3025
2358	3061
2359	2979
2360	3180
2361	2996
2362	3013
2363	3019
2364	2908
2365	3062
2366	2934
2367	3068
2368	2925
2369	3043
2370	2957
2371	2905
2372	2916
2373	3006
2374	2991
2375	3047
2376	2942
2377	3042
2378	2922
2379	2847
2380	2845
2381	2857
2382	2789
2383	2796
2384	2814
2385	2792
2386	2822
2387	2819
2388	2813
2389	2848
2390	2775
2391	2836
2392	2786
2393	2685
2394	2709
2395	2650
2396	2768
2397	2649
2398	2673
2399	2652
2400	2688
2401	2613
2402	2670
2403	2674
2404	2698
2405	2563
2406	2606
2407	2539
2408	2636
2409	2652
2410	2727
2411	2582
2412	2648
2413	2668
2414	2555
2415	2615
2416	2603
2417	2560
2418	2531
2419	2661
2420	2585
2421	2621
2422	2602
2423	2588
2424	2588
2425	2559
2426	2528
2427	2630
2428	2543
2429	2626
2430	2567
2431	2526
2432	2635
2433	2513
2434	2587
2435	2595
2436	2363
2437	2583
2438	2575
2439	2556
2440	2549
2441	2458
2442	2453
2443	2505
2444	2459
2445	2516
2446	2544
2447	2549
2448	2526
2449	2583
2450	2584
2451	2484
2452	2474
2453	2595
2454	2436
2455	2440
2456	2481
2457	2583
2458	2408
2459	2439
2460	2502
2461	2533
2462	2470
2463	2567
2464	2595
2465	2568
2466	2574
2467	2532
2468	2537
2469	2593
2470	2796
2471	3007
2472	3352
2473	3550
2474	3566
2475	3615
2476	3370
2477	3156
2478	2840
2479	2639
2480	2418
2481	2507
2482	2397
2483	2457
2484	2468
2485	2494
2486	2521
2487	2520
2488	2461
2489	2459
2490	2528
2491	2381
2492	2457
2493	2505
2494	2473
2495	2460
2496	2505
2497	2512
2498	2553
2499	2497
2500	2471
2501	2545
2502	2535
2503	2463
2504	2563
2505	2494
2506	2577
2507	2558
2508	2484
2509	2495
2510	2651
2511	2602
2512	2653
2513	2593
2514	2552
2515	2667
2516	2710
2517	2787
2518	2889
2519	3488
2520	4773
2521	7626
2522	12985
2523	21086
2524	30995
2525	39380
2526	44753
2527	43075
2528	35945
2529	25964
2530	16436
2531	10215
2532	5854
2533	3876
2534	2945
2535	2658
2536	2483
2537	2469
2538	2454
2539	2431
2540	2408
2541	2435
2542	2398
2543	2366
2544	2350
2545	2418
2546	2386
2547	2460
2548	2336
2549	2407
2550	2366
2551	2395
2552	2338
2553	2379
2554	2430
2555	2381
2556	2448
2557	2417
2558	2426
2559	2415
2560	2393
2561	2413
2562	2272
2563	2379
2564	2319
2565	2311
2566	2336
2567	2401
2568	2374
2569	2338
2570	2358
2571	2385
2572	2241
2573	2327
2574	2335
2575	2425
2576	2313
2577	2248
2578	2252
2579	2304
2580	2244
2581	2280
2582	2234
2583	2259
2584	2286
2585	2254
2586	2223
2587	2262
2588	2306
2589	2257
2590	2268
2591	2293
2592	2254
2593	2238
2594	2237
2595	2229
2596	2282
2597	2115
2598	2156
2599	2203
2600	2164
2601	2191
2602	2239
2603	2211
2604	2229
2605	2153
2606	2133
2607	2133
2608	2135
2609	2171
2610	2265
2611	2104
2612	2144
2613	2235
2614	2173
2615	2148
2616	2106
2617	2152
2618	2114
2619	2158
2620	2137
2621	2190
2622	2022
2623	2216
2624	2095
2625	2129
2626	2156
2627	2186
2628	2151
2629	2133
2630	2144
2631	2094
2632	2156
2633	2174
2634	2147
2635	2162
2636	2188
2637	2125
2638	2058
2639	1998
2640	2092
2641	2176
2642	2023
2643	2173
2644	2147
2645	2057
2646	2041
2647	2136
2648	2070
2649	2235
2650	2114
2651	2053
2652	2086
2653	2084
2654	2062
2655	2133
2656	2084
2657	2075
2658	2038
2659	2093
2660	2016
2661	2130
2662	2132
2663	2028
2664	2148
2665	2015
2666	2082
2667	2099
2668	2052
2669	2054
2670	2046
2671	2004
2672	2130
2673	2045
2674	2169
2675	2124
2676	2110
2677	2179
2678	2265
2679	2422
2680	2578
2681	2669
2682	2586
2683	2403
2684	2309
2685	2242
2686	2144
2687	2010
2688	2088
2689	2094
2690	1957
2691	2067
2692	1976
2693	2089
2694	2029
2695	1934
2696	1976
2697	2020
2698	2010
2699	1962
2700	1926
2701	1984
2702	1979
2703	2032
2704	1962
2705	1926
2706	1982
2707	1937
2708	1988
2709	2055
2710	1993
2711	2055
2712	1974
2713	2021
2714	1974
2715	2051
2716	1898
2717	2011
2718	2030
2719	2037
2720	1978
2721	1916
2722	2025
2723	2005
2724	2016
2725	2028
2726	1968
2727	1993
2728	1993
2729	1948
2730	2041
2731	1935
2732	2022
2733	1991
2734	1943
2735	1971
2736	1882
2737	1965
2738	1924
2739	1978
2740	1991
2741	1983
2742	1886
2743	2056
2744	1887
2745	1940
2746	1957
2747	2005
2748	1841
2749	1895
2750	2019
2751	1996
2752	1937
2753	1981
2754	1978
2755	1967
2756	1961
2757	1926
2758	1986
2759	1912
2760	1872
2761	1950
2762	1893
2763	1901
2764	1931
2765	2019
2766	1945
2767	1899
2768	1878
2769	2051
2770	1913
2771	1971
2772	1918
2773	1915
2774	1964
2775	1925
2776	1911
2777	1955
2778	1873
2779	1924
2780	1929
2781	1956
2782	1962
2783	1936
2784	1898
2785	1885
2786	1978
2787	1957
2788	1957
2789	1954
2790	1930
2791	1937
2792	1930
2793	2017
2794	1985
2795	1935
2796	2020
2797	1920
2798	1910
2799	1988
2800	1864
2801	1931
2802	1862
2803	1844
2804	1885
2805	1920
2806	1933
2807	1969
2808	1837
2809	1928
2810	1924
2811	1910
2812	1921
2813	1898
2814	1956
2815	1861
2816	1962
2817	1964
2818	1941
2819	1966
2820	1882
2821	1990
2822	1940
2823	1905
2824	2007
2825	1982
2826	1895
2827	2004
2828	1930
2829	1902
2830	1963
2831	2005
2832	2033
2833	1897
2834	2062
2835	1989
2836	1971
2837	1979
2838	2083
2839	1920
2840	2042
2841	2225
2842	2358
2843	2765
2844	4009
2845	6358
2846	9833
2847	15013
2848	20184
2849	23721
2850	25223
2851	22926
2852	18538
2853	13437
2854	8705
2855	5442
2856	3472
2857	2458
2858	2165
2859	2014
2860	1887
2861	1981
2862	1929
2863	1885
2864	1969
2865	1888
2866	1997
2867	1847
2868	1871
2869	1829
2870	1881
2871	1856
2872	1837
2873	1940
2874	1838
2875	1823
2876	1858
2877	1881
2878	1908
2879	1911
2880	1907
2881	1848
2882	1893
2883	1819
2884	1931
2885	1868
2886	1866
2887	1855
2888	1843
2889	1824
2890	1878
2891	1894
2892	1804
2893	1920
2894	1845
2895	1901
2896	1890
2897	1812
2898	1915
2899	1826
2900	1790
2901	1915
2902	1874
2903	1923
2904	1848
2905	1804
2906	1798
2907	1797
2908	1811
2909	1926
2910	1827
2911	1896
2912	1839
2913	1888
2914	1798
2915	1909
2916	1857
2917	1797
2918	1901
2919	1832
2920	1871
2921	1884
2922	1884
2923	1838
2924	1907
2925	1875
2926	1869
2927	1836
2928	1866
2929	1840
2930	1834
2931	1793
2932	1852
2933	1801
2934	1871
2935	1888
2936	1892
2937	1828
2938	1802
2939	1762
2940	1839
2941	1817
2942	1834
2943	1862
2944	1864
2945	1871
2946	1961
2947	1806
2948	1817
2949	1866
2950	1855
2951	1834
2952	1835
2953	1881
2954	1757
2955	1909
2956	1859
2957	1840
2958	1892
2959	1862
2960	1837
2961	1824
2962	1759
2963	1853
2964	1824
2965	1820
2966	1897
2967	1871
2968	1880
2969	1865
2970	1961
2971	1880
2972	1821
2973	1818
2974	1802
2975	1866
2976	1882
2977	1777
2978	1856
2979	1902
2980	1816
2981	1799
2982	1838
2983	1835
2984	1872
2985	1855
2986	1841
2987	1789
2988	1812
2989	1692
2990	1814
2991	1883
2992	1793
2993	1821
2994	1806
2995	1857
2996	1895
2997	1800
2998	1857
2999	1847
3000	1839
3001	1891
3002	1858
3003	1915
3004	1848
3005	1920
3006	1851
3007	1897
3008	1870
3009	1806
3010	1877
3011	1871
3012	1713
3013	1887
3014	1854
3015	1916
3016	1856
3017	1868
3018	1866
3019	1860
3020	1842
3021	1878
3022	1930
3023	1862
3024	1897
3025	1841
3026	1902
3027	1957
3028	1874
3029	1890
3030	1797
3031	1893
3032	1829
3033	1862
3034	1897
3035	1857
3036	1872
3037	1863
3038	1911
3039	1838
3040	1895
3041	1865
3042	1822
3043	1794
3044	1791
3045	1822
3046	1784
3047	1841
3048	1846
3049	1891
3050	1842
3051	1847
3052	1846
3053	1756
3054	1826
3055	1819
3056	1823
3057	1830
3058	1850
3059	1833
3060	1896
3061	1812
3062	1782
3063	1925
3064	1886
3065	1863
3066	1802
3067	1868
3068	1908
3069	1888
3070	1892
3071	1964
3072	1867
3073	1784
3074	1807
3075	1831
3076	1875
3077	1731
3078	1868
3079	1940
3080	1847
3081	1748
3082	1845
3083	1955
3084	1915
3085	1886
3086	1899
3087	1846
3088	1934
3089	1890
3090	1752
3091	1857
3092	1833
3093	1886
3094	1857
3095	1830
3096	1759
3097	1849
3098	1755
3099	1812
3100	1854
3101	1843
3102	1913
3103	1887
3104	1881
3105	1888
3106	1919
3107	1854
3108	1851
3109	1858
3110	1886
3111	1780
3112	1929
3113	1895
3114	1831
3115	1869
3116	1841
3117	1858
3118	1876
3119	1885
3120	1912
3121	1786
3122	1890
3123	1898
3124	1918
3125	1800
3126	1866
3127	1909
3128	1927
3129	1890
3130	1922
3131	1928
3132	1939
3133	1881
3134	1925
3135	1927
3136	1895
3137	1850
3138	1911
3139	1966
3140	1903
3141	1883
3142	2046
3143	2012
3144	2043
3145	2081
3146	2091
3147	2089
3148	1989
3149	2159
3150	2112
3151	2086
3152	2076
3153	2159
3154	2117
3155	2187
3156	2155
3157	2231
3158	2185
3159	2367
3160	2594
3161	3209
3162	4740
3163	8154
3164	14407
3165	24021
3166	37016
3167	50540
3168	60520
3169	64173
3170	59037
3171	48170
3172	34045
3173	21964
3174	12962
3175	7178
3176	4081
3177	2809
3178	2271
3179	1967
3180	1914
3181	1959
3182	1868
3183	1875
3184	1901
3185	1936
3186	1966
3187	1808
3188	1968
3189	1979
3190	1872
3191	1907
3192	1914
3193	1965
3194	1948
3195	1971
3196	1861
3197	1891
3198	1920
3199	1863
3200	1885
3201	1852
3202	1887
3203	1869
3204	1937
3205	1949
3206	1907
3207	1934
3208	1814
3209	1941
3210	1823
3211	1901
3212	1900
3213	1873
3214	1903
3215	1892
3216	1844
3217	1910
3218	1860
3219	1918
3220	1795
3221	1883
3222	1863
3223	1941
3224	1908
3225	1925
3226	1869
3227	1942
3228	1898
3229	1823
3230	1860
3231	1947
3232	1908
3233	1941
3234	1887
3235	1946
3236	1897
3237	1898
3238	1920
3239	1954
3240	1890
3241	1906
3242	1915
3243	1825
3244	1923
3245	1867
3246	1978
3247	1961
3248	1925
3249	1952
3250	1956
3251	1941
3252	1834
3253	1880
3254	1956
3255	1817
3256	1936
3257	1942
3258	1887
3259	1824
3260	1937
3261	1852
3262	1906
3263	1888
3264	1962
3265	1878
3266	1893
3267	1891
3268	1935
3269	1867
3270	1849
3271	2011
3272	1920
3273	1913
3274	1836
3275	1899
3276	1980
3277	1868
3278	1967
3279	1888
3280	1961
3281	1903
3282	1830
3283	1834
3284	1864
3285	1924
3286	1942
3287	2004
3288	1959
3289	1963
3290	2014
3291	1927
3292	1933
3293	1962
3294	1937
3295	1886
3296	1959
3297	2031
3298	2008
3299	1979
3300	1922
3301	1862
3302	1855
3303	1823
3304	1962
3305	1966
3306	1920
3307	1920
3308	1898
3309	1869
3310	1997
3311	1883
3312	1940
3313	1913
3314	1946
3315	1928
3316	1876
3317	1959
3318	1924
3319	1929
3320	1894
3321	1933
3322	1907
3323	1872
3324	1964
3325	1913
3326	1891
3327	1950
3328	1930
3329	1964
3330	2000
3331	1927
3332	2048
3333	1966
3334	1882
3335	1933
3336	1991
3337	1993
3338	1964
3339	2031
3340	1913
3341	1941
3342	2014
3343	1866
3344	1955
3345	2006
3346	1916
3347	1968
3348	1936
3349	2058
3350	1956
3351	1893
3352	1945
3353	2006
3354	2010
3355	1910
3356	2057
3357	1938
3358	1974
3359	2032
3360	1990
3361	2023
3362	2043
3363	2020
3364	1989
3365	1968
3366	2093
3367	2015
3368	2029
3369	2094
3370	2262
3371	2582
3372	3195
3373	4542
3374	6813
3375	9928
3376	13592
3377	16613
3378	18591
3379	18119
3380	16067
3381	12820
3382	9255
3383	6198
3384	4244
3385	3083
3386	2393
3387	2171
3388	2001
3389	1916
3390	1956
3391	1906
3392	1969
3393	1952
3394	1913
3395	1972
3396	1973
3397	2007
3398	1908
3399	1971
3400	1961
3401	1970
3402	1967
3403	1863
3404	1945
3405	1963
3406	1934
3407	1980
3408	1983
3409	1976
3410	1931
3411	1897
3412	1876
3413	1935
3414	1935
3415	1861
3416	1954
3417	1894
3418	1896
3419	1929
3420	1862
3421	1904
3422	1911
3423	1939
3424	1852
3425	1921
3426	1946
3427	1873
3428	1945
3429	1995
3430	1814
3431	1840
3432	1865
3433	1912
3434	1954
3435	1893
3436	1879
3437	1885
3438	1871
3439	1887
3440	1883
3441	1849
3442	1821
3443	1901
3444	1855
3445	1876
3446	1885
3447	1780
3448	1910
3449	1753
3450	1865
3451	1837
3452	1844
3453	1885
3454	1814
3455	1875
3456	1852
3457	1789
3458	1790
3459	1931
3460	1785
3461	1894
3462	1928
3463	1825
3464	1807
3465	1772
3466	1848
3467	1761
3468	1794
3469	1851
3470	1888
3471	1797
3472	1872
3473	1758
3474	1831
3475	1876
3476	1911
3477	1831
3478	1835
3479	1914
3480	1953
3481	1903
3482	1822
3483	1871
3484	1861
3485	1806
3486	1771
3487	1793
3488	1888
3489	1877
3490	1892
3491	1883
3492	2068
3493	1983
3494	2029
3495	2050
3496	2212
3497	2241
3498	2230
3499	2240
3500	2269
3501	2230
3502	2278
3503	2256
3504	2158
3505	2110
3506	1951
3507	1901
3508	1901
3509	1959
3510	1826
3511	1889
3512	1825
3513	1914
3514	1848
3515	1885
3516	1774
3517	1810
3518	1891
3519	1843
3520	1844
3521	1862
3522	1818
3523	1893
3524	1755
3525	1862
3526	1773
3527	1844
3528	1820
3529	1902
3530	1789
3531	1745
3532	1824
3533	1819
3534	1825
3535	1798
3536	1817
3537	1839
3538	1845
3539	1829
3540	1793
3541	1853
3542	1831
3543	1862
3544	1828
3545	1968
3546	1811
3547	1912
3548	1906
3549	1802
3550	1837
3551	1834
3552	1849
3553	1777
3554	1813
3555	1887
3556	1841
3557	1807
3558	1842
3559	1844
3560	1844
3561	1815
3562	1893
3563	1875
3564	1941
3565	1917
3566	1851
3567	1823
3568	1863
3569	1867
3570	1791
3571	1747
3572	1839
3573	1870
3574	1806
3575	1808
3576	1826
3577	1845
3578	1873
3579	1888
3580	1875
3581	1761
3582	1839
3583	1802
3584	1832
3585	1781
3586	1801
3587	1845
3588	1807
3589	1854
3590	1791
3591	1844
3592	1775
3593	1872
3594	1864
3595	1808
3596	1912
3597	1827
3598	1874
3599	1879
3600	1807
3601	1840
3602	1821
3603	1797
3604	1846
3605	1894
3606	1874
3607	1809
3608	1893
3609	1828
3610	1909
3611	1878
3612	1810
3613	1797
3614	1794
3615	1792
3616	1891
3617	1906
3618	1859
3619	1913
3620	1826
3621	1792
3622	1859
3623	1947
3624	1824
3625	1821
3626	1832
3627	1871
3628	1856
3629	1846
3630	1824
3631	1855
3632	1883
3633	1881
3634	1806
3635	1838
3636	1819
3637	1870
3638	1849
3639	1801
3640	1882
3641	1800
3642	1864
3643	1807
3644	1857
3645	1813
3646	1823
3647	1774
3648	1798
3649	1875
3650	1849
3651	1880
3652	1872
3653	1850
3654	1912
3655	1787
3656	1830
3657	1892
3658	1786
3659	1833
3660	1790
3661	1798
3662	1850
3663	1844
3664	1850
3665	1880
3666	1847
3667	1791
3668	1839
3669	1873
3670	1822
3671	1803
3672	1849
3673	1807
3674	1804
3675	1824
3676	1880
3677	1860
3678	1908
3679	1811
3680	1833
3681	1822
3682	1826
3683	1854
3684	1783
3685	1764
3686	1779
3687	1852
3688	1898
3689	1918
3690	1866
3691	1817
3692	1792
3693	1896
3694	1794
3695	1839
3696	1838
3697	1828
3698	1856
3699	1834
3700	1802
3701	1879
3702	1813
3703	1837
3704	1953
3705	1858
3706	1817
3707	1763
3708	1806
3709	1833
3710	1846
3711	1825
3712	1848
3713	1803
3714	1851
3715	1801
3716	1885
3717	1817
3718	1864
3719	1813
3720	1801
3721	1861
3722	1814
3723	1832
3724	1878
3725	1928
3726	1905
3727	1871
3728	1871
3729	1818
3730	1803
3731	1875
3732	1802
3733	1847
3734	1941
3735	1848
3736	1842
3737	1853
3738	1868
3739	1807
3740	1889
3741	1834
3742	1818
3743	1874
3744	1898
3745	1779
3746	1839
3747	1847
3748	1814
3749	1811
3750	1866
3751	1876
3752	1831
3753	1834
3754	1856
3755	1807
3756	1793
3757	1826
3758	1878
3759	1875
3760	1934
3761	1822
3762	1843
3763	1779
3764	1829
3765	1801
3766	1845
3767	1839
3768	1828
3769	1824
3770	1803
3771	1796
3772	1840
3773	1816
3774	1787
3775	1802
3776	1873
3777	1845
3778	1773
3779	1833
3780	1890
3781	1878
3782	1865
3783	1787
3784	1904
3785	1905
3786	1920
3787	1866
3788	1803
3789	1927
3790	1821
3791	1768
3792	1774
3793	1902
3794	1890
3795	1869
3796	1853
3797	1870
3798	1819
3799	1835
3800	1692
3801	1828
3802	1809
3803	1854
3804	1829
3805	1826
3806	1963
3807	1875
3808	1850
3809	1825
3810	1880
3811	1932
3812	1846
3813	1788
3814	1819
3815	1881
3816	1908
3817	1851
3818	1900
3819	1878
3820	1768
3821	1829
3822	1813
3823	1929
3824	1781
3825	1768
3826	1856
3827	1840
3828	1894
3829	1888
3830	1911
3831	1812
3832	1870
3833	1842
3834	1849
3835	1886
3836	1840
3837	1919
3838	1885
3839	1847
3840	1839
3841	1849
3842	1826
3843	1909
3844	1911
3845	1960
3846	1918
3847	1907
3848	1845
3849	1910
3850	1811
3851	1890
3852	1878
3853	1942
3854	1843
3855	1814
3856	1860
3857	1891
3858	1875
3859	1824
3860	1876
3861	1915
3862	1830
3863	1923
3864	1844
3865	1882
3866	1843
3867	1903
3868	1911
3869	1889
3870	1888
3871	1834
3872	1872
3873	1876
3874	1883
3875	1915
3876	1791
3877	1865
3878	1897
3879	1944
3880	1842
3881	1904
3882	1935
3883	2050
3884	2034
3885	2112
3886	2082
3887	2055
3888	2004
3889	1921
3890	1970
3891	1959
3892	1850
3893	1928
3894	1907
3895	1811
3896	1843
3897	1844
3898	1980
3899	1865
3900	1947
3901	1948
3902	1943
3903	1813
3904	1908
3905	1875
3906	1933
3907	1902
3908	1815
3909	1844
3910	1926
3911	1903
3912	1915
3913	1902
3914	1827
3915	1901
3916	1863
3917	1789
3918	1845
3919	1911
3920	1961
3921	1932
3922	1913
3923	1970
3924	1884
3925	1957
3926	1931
3927	1910
3928	1887
3929	1994
3930	1850
3931	1983
3932	1943
3933	1973
3934	1938
3935	2070
3936	2035
3937	1948
3938	1968
3939	1932
3940	2006
3941	1898
3942	1900
3943	2008
3944	1935
3945	1969
3946	1864
3947	1951
3948	1945
3949	1875
3950	1897
3951	2023
3952	1934
3953	1990
3954	1953
3955	1967
3956	1888
3957	1837
3958	1963
3959	1917
3960	1860
3961	1969
3962	1960
3963	1876
3964	2001
3965	1925
3966	1974
3967	1998
3968	1970
3969	1875
3970	1984
3971	1813
3972	1937
3973	1984
3974	1989
3975	1982
3976	1905
3977	1909
3978	1949
3979	1941
3980	1909
3981	1980
3982	1939
3983	1957
3984	2048
3985	1907
3986	1945
3987	1927
3988	1929
3989	1925
3990	1893
3991	2012
3992	1920
3993	1923
3994	1971
3995	1923
3996	1997
3997	2007
3998	1930
3999	2034
4000	1933
4001	1936
4002	1989
4003	1954
4004	1992
4005	1977
4006	1888
4007	1966
4008	2070
4009	2033
4010	1949
4011	1956
4012	1947
4013	1982
4014	2020
4015	1899
4016	1976
4017	1963
4018	1940
4019	1867
4020	1986
4021	1911
4022	1991
4023	1966
4024	2021
4025	2065
4026	1983
4027	1981
4028	1973
4029	1974
4030	1967
4031	1890
4032	1976
4033	1966
4034	2091
4035	1993
4036	1973
4037	2038
4038	2018
4039	2018
4040	2024
4041	2022
4042	2005
4043	2044
4044	1945
4045	1992
4046	2003
4047	1970
4048	2001
4049	2093
4050	1918
4051	1911
4052	2011
4053	2015
4054	1947
4055	1993
4056	2038
4057	1981
4058	1925
4059	2086
4060	1981
4061	2031
4062	1930
4063	1992
4064	1968
4065	2056
4066	1989
4067	1905
4068	2065
4069	1969
4070	2040
4071	2029
4072	2147
4073	1986
4074	2040
4075	2013
4076	2070
4077	2005
4078	2018
4079	2052
4080	1988
4081	2095
4082	2106
4083	2014
4084	1978
4085	1975
4086	1946
4087	1984
4088	2011
4089	2087
4090	2043
4091	2090
4092	1964
4093	2024
4094	2034
4095	2140
4096	2087
4097	2060
4098	2045
4099	1980
4100	2095
4101	1954
4102	1952
4103	2007
4104	1987
4105	2174
4106	2133
4107	2139
4108	2218
4109	2429
4110	2495
4111	2644
4112	2751
4113	2691
4114	2674
4115	2472
4116	2334
4117	2256
4118	2171
4119	2129
4120	2102
4121	2064
4122	2025
4123	2010
4124	2074
4125	2105
4126	2035
4127	2067
4128	2063
4129	1983
4130	2095
4131	2136
4132	2042
4133	2027
4134	2054
4135	2069
4136	2044
4137	2073
4138	2086
4139	1999
4140	2052
4141	2063
4142	2055
4143	2080
4144	2102
4145	2124
4146	2042
4147	2054
4148	2049
4149	2065
4150	2022
4151	2084
4152	2117
4153	2070
4154	2186
4155	2065
4156	2095
4157	2112
4158	2068
4159	2126
4160	2152
4161	2085
4162	2060
4163	2085
4164	2096
4165	2150
4166	2074
4167	2143
4168	2126
4169	2108
4170	2121
4171	2079
4172	2016
4173	2063
4174	2164
4175	2132
4176	2124
4177	2098
4178	2083
4179	2139
4180	2147
4181	2135
4182	2188
4183	2074
4184	2155
4185	2125
4186	2154
4187	2126
4188	2208
4189	2099
4190	2099
4191	2129
4192	2079
4193	2189
4194	2148
4195	2189
4196	2100
4197	2137
4198	2274
4199	2157
4200	2119
4201	2043
4202	2109
4203	2113
4204	2185
4205	2180
4206	2203
4207	2192
4208	2137
4209	2110
4210	2147
4211	2197
4212	2171
4213	2128
4214	2175
4215	2153
4216	2134
4217	2255
4218	2152
4219	2210
4220	2145
4221	2143
4222	2170
4223	2124
4224	2126
4225	2116
4226	2247
4227	2167
4228	2172
4229	2170
4230	2188
4231	2119
4232	2288
4233	2210
4234	2229
4235	2155
4236	2211
4237	2221
4238	2198
4239	2267
4240	2185
4241	2197
4242	2319
4243	2291
4244	2300
4245	2162
4246	2200
4247	2299
4248	2372
4249	2288
4250	2299
4251	2314
4252	2479
4253	2781
4254	3139
4255	4355
4256	5979
4257	8153
4258	10952
4259	13504
4260	15818
4261	16551
4262	15634
4263	13634
4264	10862
4265	8167
4266	5861
4267	4146
4268	3219
4269	2704
4270	2365
4271	2308
4272	2312
4273	2310
4274	2303
4275	2247
4276	2202
4277	2290
4278	2250
4279	2271
4280	2244
4281	2231
4282	2233
4283	2258
4284	2280
4285	2231
4286	2197
4287	2264
4288	2254
4289	2252
4290	2204
4291	2243
4292	2221
4293	2317
4294	2316
4295	2314
4296	2296
4297	2321
4298	2260
4299	2309
4300	2321
4301	2358
4302	2343
4303	2239
4304	2338
4305	2354
4306	2343
4307	2328
4308	2408
4309	2340
4310	2242
4311	2342
4312	2361
4313	2270
4314	2269
4315	2303
4316	2392
4317	2311
4318	2354
4319	2291
4320	2391
4321	2365
4322	2283
4323	2309
4324	2436
4325	2272
4326	2387
4327	2388
4328	2338
4329	2342
4330	2424
4331	2378
4332	2360
4333	2380
4334	2381
4335	2312
4336	2268
4337	2358
4338	2391
4339	2345
4340	2382
4341	2465
4342	2417
4343	2379
4344	2442
4345	2489
4346	2331
4347	2417
4348	2412
4349	2339
4350	2356
4351	2450
4352	2423
4353	2445
4354	2285
4355	2408
4356	2399
4357	2459
4358	2422
4359	2405
4360	2365
4361	2451
4362	2396
4363	2407
4364	2420
4365	2387
4366	2417
4367	2374
4368	2372
4369	2461
4370	2540
4371	2486
4372	2427
4373	2466
4374	2425
4375	2442
4376	2469
4377	2499
4378	2493
4379	2453
4380	2485
4381	2544
4382	2514
4383	2428
4384	2422
4385	2366
4386	2512
4387	2444
4388	2450
4389	2419
4390	2570
4391	2515
4392	2496
4393	2586
4394	2496
4395	2541
4396	2563
4397	2502
4398	2465
4399	2398
4400	2497
4401	2537
4402	2566
4403	2506
4404	2483
4405	2493
4406	2486
4407	2473
4408	2684
4409	2611
4410	2737
4411	2785
4412	2812
4413	2869
4414	2866
4415	2828
4416	2716
4417	2687
4418	2639
4419	2654
4420	2523
4421	2558
4422	2526
4423	2515
4424	2571
4425	2572
4426	2538
4427	2579
4428	2583
4429	2613
4430	2614
4431	2624
4432	2562
4433	2590
4434	2564
4435	2599
4436	2613
4437	2654
4438	2566
4439	2561
4440	2651
4441	2551
4442	2579
4443	2572
4444	2633
4445	2579
4446	2630
4447	2671
4448	2539
4449	2679
4450	2669
4451	2632
4452	2632
4453	2676
4454	2631
4455	2709
4456	2663
4457	2665
4458	2643
4459	2623
4460	2700
4461	2611
4462	2691
4463	2601
4464	2739
4465	2654
4466	2657
4467	2675
4468	2692
4469	2694
4470	2724
4471	2724
4472	2652
4473	2687
4474	2659
4475	2649
4476	2740
4477	2705
4478	2626
4479	2733
4480	2686
4481	2738
4482	2665
4483	2731
4484	2679
4485	2662
4486	2725
4487	2682
4488	2745
4489	2600
4490	2720
4491	2754
4492	2711
4493	2759
4494	2760
4495	2814
4496	2702
4497	2727
4498	2737
4499	2734
4500	2752
4501	2680
4502	2711
4503	2696
4504	2794
4505	2666
4506	2743
4507	2633
4508	2737
4509	2701
4510	2732
4511	2753
4512	2741
4513	2736
4514	2655
4515	2762
4516	2686
4517	2768
4518	2789
4519	2736
4520	2765
4521	2689
4522	2760
4523	2715
4524	2852
4525	2672
4526	2846
4527	2849
4528	2771
4529	2824
4530	2743
4531	2785
4532	2772
4533	2752
4534	2812
4535	2820
4536	2753
4537	2791
4538	2837
4539	2772
4540	2769
4541	2747
4542	2817
4543	2803
4544	2705
4545	2749
4546	2796
4547	2873
4548	2838
4549	2983
4550	2942
4551	3067
4552	3094
4553	3055
4554	3075
4555	3129
4556	2980
4557	3023
4558	2843
4559	2839
4560	2958
4561	2740
4562	2854
4563	2875
4564	2819
4565	2797
4566	2830
4567	2764
4568	2892
4569	2849
4570	2927
4571	2828
4572	2815
4573	2870
4574	2881
4575	2907
4576	2841
4577	2812
4578	2918
4579	2908
4580	2818
4581	2935
4582	2869
4583	2955
4584	2835
4585	2864
4586	2856
4587	2856
4588	2914
4589	2902
4590	2845
4591	2934
4592	2967
4593	2936
4594	2918
4595	2877
4596	2850
4597	2946
4598	2906
4599	2934
4600	2990
4601	2928
4602	2997
4603	2984
4604	2966
4605	3043
4606	2999
4607	2962
4608	2935
4609	2897
4610	2900
4611	3081
4612	3115
4613	2982
4614	3015
4615	2934
4616	2988
4617	2945
4618	2975
4619	2902
4620	2996
4621	3010
4622	2925
4623	3048
4624	2950
4625	2976
4626	3012
4627	2962
4628	3058
4629	3079
4630	2973
4631	2994
4632	3080
4633	2922
4634	3025
4635	3084
4636	3034
4637	3039
4638	3040
4639	3102
4640	2981
4641	3043
4642	2982
4643	3086
4644	3066
4645	3048
4646	2937
4647	2974
4648	3040
4649	3108
4650	3050
4651	3103
4652	3019
4653	3221
4654	3020
4655	3068
4656	3041
4657	2990
4658	3174
4659	3108
4660	3014
4661	3070
4662	3125
4663	3165
4664	2972
4665	2989
4666	3094
4667	3049
4668	3061
4669	3044
4670	2999
4671	3046
4672	3052
4673	2992
4674	3078
4675	2870
4676	2997
4677	3092
4678	3000
4679	3074
4680	3075
4681	3016
4682	3023
4683	2970
4684	2984
4685	2907
4686	2873
4687	2961
4688	2909
4689	3021
4690	2894
4691	2975
4692	2916
4693	2921
4694	2837
4695	2937
4696	2771
4697	2831
4698	2725
4699	2887
4700	2819
4701	2669
4702	2780
4703	2756
4704	2700
4705	2707
4706	2717
4707	2534
4708	2538
4709	2599
4710	2545
4711	2427
4712	2426
4713	2418
4714	2299
4715	2416
4716	2327
4717	2253
4718	2259
4719	2308
4720	2281
4721	2300
4722	2251
4723	2230
4724	2195
4725	2210
4726	2199
4727	2131
4728	2143
4729	2234
4730	2093
4731	2113
4732	2103
4733	2073
4734	2141
4735	2089
4736	2047
4737	2125
4738	2084
4739	2031
4740	2031
4741	1982
4742	2079
4743	2003
4744	2102
4745	2076
4746	2011
4747	1989
4748	2027
4749	1975
4750	1956
4751	1970
4752	2016
4753	2019
4754	1989
4755	1937
4756	1973
4757	1941
4758	1946
4759	1915
4760	1948
4761	1959
4762	1849
4763	2037
4764	1947
4765	1958
4766	1996
4767	1922
4768	1911
4769	1922
4770	1965
4771	1927
4772	1859
4773	1894
4774	1932
4775	1977
4776	1934
4777	1795
4778	1905
4779	1802
4780	1874
4781	1883
4782	1908
4783	1913
4784	1954
4785	2003
4786	2084
4787	2188
4788	2287
4789	2250
4790	2322
4791	2286
4792	2214
4793	1998
4794	1979
4795	1911
4796	1916
4797	1811
4798	1853
4799	1820
4800	1851
4801	1804
4802	1907
4803	1798
4804	1848
4805	1843
4806	1834
4807	1840
4808	1790
4809	1792
4810	1830
4811	1830
4812	1805
4813	1863
4814	1803
4815	1825
4816	1799
4817	1816
4818	1781
4819	1799
4820	1868
4821	1800
4822	1888
4823	1708
4824	1718
4825	1747
4826	1781
4827	1701
4828	1729
4829	1652
4830	1747
4831	1795
4832	1714
4833	1745
4834	1745
4835	1637
4836	1756
4837	1822
4838	1661
4839	1724
4840	1750
4841	1679
4842	1687
4843	1722
4844	1680
4845	1677
4846	1642
4847	1715
4848	1635
4849	1730
4850	1707
4851	1738
4852	1650
4853	1726
4854	1700
4855	1654
4856	1611
4857	1677
4858	1747
4859	1692
4860	1702
4861	1716
4862	1771
4863	1726
4864	1696
4865	1684
4866	1644
4867	1725
4868	1662
4869	1606
4870	1709
4871	1665
4872	1588
4873	1583
4874	1667
4875	1635
4876	1707
4877	1670
4878	1662
4879	1634
4880	1628
4881	1637
4882	1576
4883	1532
4884	1672
4885	1562
4886	1569
4887	1629
4888	1621
4889	1631
4890	1630
4891	1634
4892	1555
4893	1551
4894	1552
4895	1614
4896	1624
4897	1563
4898	1584
4899	1550
4900	1592
4901	1540
4902	1562
4903	1575
4904	1556
4905	1554
4906	1535
4907	1507
4908	1558
4909	1530
4910	1541
4911	1624
4912	1617
4913	1522
4914	1523
4915	1493
4916	1538
4917	1512
4918	1562
4919	1487
4920	1536
4921	1527
4922	1509
4923	1528
4924	1498
4925	1531
4926	1535
4927	1472
4928	1514
4929	1456
4930	1490
4931	1495
4932	1427
4933	1456
4934	1463
4935	1469
4936	1441
4937	1468
4938	1448
4939	1469
4940	1461
4941	1467
4942	1556
4943	1417
4944	1453
4945	1423
4946	1422
4947	1482
4948	1452
4949	1456
4950	1525
4951	1492
4952	1444
4953	1494
4954	1456
4955	1469
4956	1473
4957	1370
4958	1433
4959	1413
4960	1394
4961	1549
4962	1500
4963	1649
4964	1581
4965	1526
4966	1605
4967	1398
4968	1475
4969	1391
4970	1427
4971	1372
4972	1338
4973	1346
4974	1417
4975	1357
4976	1329
4977	1379
4978	1349
4979	1356
4980	1330
4981	1359
4982	1424
4983	1365
4984	1372
4985	1303
4986	1306
4987	1326
4988	1336
4989	1296
4990	1283
4991	1333
4992	1342
4993	1365
4994	1372
4995	1289
4996	1311
4997	1262
4998	1312
4999	1350
5000	1289
5001	1235
5002	1342
5003	1298
5004	1216
5005	1259
5006	1308
5007	1237
5008	1242
5009	1206
5010	1363
5011	1338
5012	1299
5013	1339
5014	1348
5015	1290
5016	1331
5017	1236
5018	1310
5019	1264
5020	1273
5021	1292
5022	1303
5023	1230
5024	1215
5025	1262
5026	1209
5027	1224
5028	1199
5029	1211
5030	1208
5031	1157
5032	1224
5033	1178
5034	1201
5035	1189
5036	1220
5037	1204
5038	1161
5039	1093
5040	1168
5041	1134
5042	1147
5043	1243
5044	1162
5045	1147
5046	1193
5047	1214
5048	1198
5049	1111
5050	1169
5051	1128
5052	1073
5053	1070
5054	1117
5055	1156
5056	1097
5057	1117
5058	1128
5059	1145
5060	1121
5061	1100
5062	1122
5063	1114
5064	1171
5065	1109
5066	1095
5067	1111
5068	1097
5069	1119
5070	1021
5071	1111
5072	1068
5073	1086
5074	1074
5075	1058
5076	1072
5077	1079
5078	1005
5079	1100
5080	1108
5081	1087
5082	1066
5083	1059
5084	1089
5085	1029
5086	1058
5087	1093
5088	965
5089	992
5090	1023
5091	1010
5092	1035
5093	1014
5094	994
5095	953
5096	1011
5097	1006
5098	965
5099	1010
5100	1038
5101	1007
5102	982
5103	1021
5104	990
5105	980
5106	984
5107	1013
5108	1034
5109	1022
5110	1127
5111	1142
5112	1140
5113	1166
5114	1143
5115	1138
5116	1098
5117	1049
5118	1023
5119	974
5120	985
5121	923
5122	960
5123	882
5124	917
5125	934
5126	918
5127	845
5128	985
5129	886
5130	901
5131	899
5132	896
5133	888
5134	864
5135	866
5136	875
5137	864
5138	867
5139	913
5140	879
5141	863
5142	806
5143	876
5144	862
5145	863
5146	825
5147	876
5148	852
5149	864
5150	862
5151	842
5152	861
5153	877
5154	846
5155	834
5156	864
5157	828
5158	799
5159	814
5160	922
5161	811
5162	839
5163	881
5164	871
5165	818
5166	835
5167	802
5168	809
5169	860
5170	742
5171	815
5172	830
5173	791
5174	777
5175	802
5176	771
5177	767
5178	799
5179	741
5180	810
5181	814
5182	746
5183	810
5184	711
5185	756
5186	766
5187	737
5188	788
5189	755
5190	742
5191	770
5192	768
5193	768
5194	721
5195	762
5196	742
5197	746
5198	747
5199	734
5200	779
5201	775
5202	724
5203	726
5204	760
5205	745
5206	731
5207	751
5208	717
5209	753
5210	646
5211	719
5212	700
5213	722
5214	721
5215	713
5216	769
5217	717
5218	750
5219	723
5220	695
5221	733
5222	656
5223	754
5224	696
5225	719
5226	733
5227	690
5228	742
5229	750
5230	705
5231	678
5232	688
5233	729
5234	704
5235	700
5236	634
5237	713
5238	717
5239	684
5240	689
5241	701
5242	682
5243	713
5244	638
5245	670
5246	695
5247	693
5248	723
5249	701
5250	733
5251	707
5252	683
5253	674
5254	660
5255	668
5256	689
5257	699
5258	663
5259	648
5260	652
5261	659
5262	626
5263	675
5264	691
5265	675
5266	691
5267	655
5268	685
5269	675
5270	692
5271	652
5272	680
5273	680
5274	627
5275	674
5276	756
5277	708
5278	767
5279	704
5280	649
5281	639
5282	633
5283	691
5284	619
5285	630
5286	627
5287	716
5288	658
5289	741
5290	704
5291	697
5292	698
5293	686
5294	703
5295	725
5296	669
5297	662
5298	677
5299	652
5300	720
5301	675
5302	691
5303	664
5304	716
5305	649
5306	645
5307	633
5308	608
5309	679
5310	656
5311	627
5312	673
5313	643
5314	651
5315	637
5316	647
5317	647
5318	648
5319	646
5320	613
5321	649
5322	657
5323	610
5324	687
5325	626
5326	685
5327	668
5328	627
5329	654
5330	687
5331	633
5332	627
5333	646
5334	663
5335	643
5336	633
5337	678
5338	641
5339	621
5340	652
5341	636
5342	629
5343	673
5344	605
5345	620
5346	710
5347	710
5348	634
5349	698
5350	662
5351	661
5352	639
5353	664
5354	677
5355	653
5356	636
5357	645
5358	655
5359	691
5360	665
5361	660
5362	680
5363	690
5364	687
5365	677
5366	715
5367	781
5368	845
5369	957
5370	1286
5371	2020
5372	3044
5373	4388
5374	6167
5375	8157
5376	9905
5377	10967
5378	11403
5379	10438
5380	9083
5381	6979
5382	5080
5383	3423
5384	2267
5385	1553
5386	1094
5387	917
5388	738
5389	709
5390	679
5391	634
5392	657
5393	648
5394	684
5395	676
5396	620
5397	612
5398	678
5399	630
5400	647
5401	637
5402	686
5403	688
5404	686
5405	615
5406	608
5407	599
5408	654
5409	621
5410	633
5411	603
5412	621
5413	631
5414	628
5415	610
5416	636
5417	630
5418	638
5419	652
5420	599
5421	647
5422	621
5423	614
5424	669
5425	688
5426	670
5427	732
5428	778
5429	890
5430	948
5431	953
5432	946
5433	1025
5434	947
5435	866
5436	850
5437	743
5438	742
5439	763
5440	682
5441	648
5442	656
5443	633
5444	620
5445	662
5446	608
5447	571
5448	632
5449	620
5450	663
5451	620
5452	623
5453	596
5454	608
5455	557
5456	639
5457	606
5458	628
5459	613
5460	580
5461	575
5462	575
5463	620
5464	612
5465	579
5466	612
5467	593
5468	628
5469	597
5470	582
5471	562
5472	596
5473	611
5474	602
5475	629
5476	642
5477	590
5478	621
5479	592
5480	605
5481	592
5482	574
5483	601
5484	627
5485	614
5486	597
5487	601
5488	584
5489	608
5490	616
5491	553
5492	563
5493	622
5494	602
5495	613
5496	576
5497	593
5498	623
5499	645
5500	607
5501	620
5502	576
5503	636
5504	620
5505	612
5506	602
5507	598
5508	634
5509	579
5510	570
5511	591
5512	584
5513	597
5514	619
5515	585
5516	596
5517	609
5518	569
5519	598
5520	615
5521	566
5522	595
5523	649
5524	586
5525	607
5526	620
5527	618
5528	598
5529	586
5530	625
5531	628
5532	614
5533	608
5534	569
5535	614
5536	581
5537	603
5538	657
5539	627
5540	615
5541	670
5542	629
5543	674
5544	663
5545	632
5546	650
5547	626
5548	608
5549	677
5550	644
5551	667
5552	670
5553	692
5554	707
5555	738
5556	757
5557	766
5558	858
5559	818
5560	908
5561	915
5562	955
5563	958
5564	989
5565	1032
5566	1128
5567	1169
5568	1070
5569	1141
5570	1228
5571	1199
5572	1212
5573	1335
5574	1494
5575	1655
5576	2162
5577	3228
5578	5544
5579	9961
5580	17613
5581	29822
5582	46920
5583	67833
5584	90744
5585	109860
5586	122006
5587	123753
5588	113877
5589	95759
5590	74322
5591	52320
5592	33382
5593	20267
5594	11272
5595	5984
5596	3171
5597	1704
5598	1141
5599	883
5600	743
5601	677
5602	697
5603	676
5604	674
5605	677
5606	659
5607	659
5608	586
5609	656
5610	602
5611	594
5612	684
5613	601
5614	567
5615	601
5616	566
5617	633
5618	599
5619	574
5620	592
5621	604
5622	616
5623	601
5624	596
5625	589
5626	546
5627	581
5628	616
5629	568
5630	606
5631	566
5632	555
5633	589
5634	578
5635	589
5636	574
5637	543
5638	539
5639	595
5640	596
5641	594
5642	610
5643	591
5644	557
5645	578
5646	607
5647	590
5648	578
5649	535
5650	560
5651	563
5652	561
5653	585
5654	549
5655	561
5656	563
5657	565
5658	544
5659	550
5660	581
5661	576
5662	568
5663	548
5664	547
5665	550
5666	560
5667	601
5668	548
5669	574
5670	545
5671	579
5672	551
5673	567
5674	541
5675	532
5676	580
5677	539
5678	534
5679	574
5680	543
5681	566
5682	516
5683	518
5684	582
5685	509
5686	554
5687	590
5688	567
5689	537
5690	559
5691	569
5692	581
5693	639
5694	635
5695	672
5696	686
5697	693
5698	722
5699	650
5700	633
5701	671
5702	577
5703	575
5704	547
5705	595
5706	564
5707	546
5708	585
5709	549
5710	503
5711	554
5712	540
5713	512
5714	559
5715	559
5716	576
5717	552
5718	512
5719	510
5720	523
5721	530
5722	514
5723	571
5724	555
5725	528
5726	542
5727	491
5728	505
5729	521
5730	529
5731	526
5732	534
5733	523
5734	473
5735	540
5736	471
5737	506
5738	525
5739	520
5740	520
5741	537
5742	515
5743	514
5744	497
5745	533
5746	503
5747	499
5748	525
5749	506
5750	488
5751	521
5752	549
5753	482
5754	586
5755	483
5756	505
5757	506
5758	499
5759	533
5760	492
5761	502
5762	531
5763	504
5764	547
5765	559
5766	562
5767	509
5768	528
5769	521
5770	556
5771	516
5772	493
5773	517
5774	515
5775	526
5776	484
5777	543
5778	535
5779	476
5780	535
5781	465
5782	492
5783	501
5784	547
5785	520
5786	489
5787	504
5788	518
5789	543
5790	544
5791	503
5792	505
5793	514
5794	452
5795	538
5796	493
5797	486
5798	485
5799	519
5800	533
5801	509
5802	563
5803	479
5804	546
5805	514
5806	519
5807	504
5808	516
5809	509
5810	479
5811	503
5812	498
5813	533
5814	534
5815	506
5816	541
5817	485
5818	507
5819	485
5820	499
5821	489
5822	495
5823	455
5824	499
5825	525
5826	499
5827	515
5828	556
5829	504
5830	517
5831	489
5832	520
5833	519
5834	495
5835	523
5836	489
5837	495
5838	518
5839	499
5840	490
5841	528
5842	491
5843	496
5844	513
5845	515
5846	462
5847	456
5848	516
5849	505
5850	456
5851	491
5852	496
5853	521
5854	491
5855	519
5856	518
5857	491
5858	520
5859	482
5860	510
5861	481
5862	485
5863	503
5864	472
5865	481
5866	505
5867	505
5868	537
5869	509
5870	475
5871	495
5872	461
5873	480
5874	489
5875	505
5876	477
5877	485
5878	498
5879	482
5880	477
5881	497
5882	439
5883	477
5884	512
5885	460
5886	504
5887	441
5888	494
5889	487
5890	514
5891	496
5892	476
5893	514
5894	493
5895	481
5896	492
5897	467
5898	480
5899	499
5900	500
5901	471
5902	505
5903	475
5904	467
5905	518
5906	490
5907	500
5908	528
5909	469
5910	452
5911	472
5912	468
5913	469
5914	478
5915	446
5916	494
5917	482
5918	484
5919	490
5920	545
5921	470
5922	513
5923	437
5924	475
5925	497
5926	507
5927	459
5928	486
5929	500
5930	455
5931	469
5932	520
5933	460
5934	510
5935	462
5936	483
5937	485
5938	513
5939	487
5940	505
5941	471
5942	479
5943	483
5944	496
5945	480
5946	460
5947	494
5948	481
5949	491
5950	439
5951	469
5952	503
5953	470
5954	498
5955	475
5956	457
5957	456
5958	459
5959	524
5960	519
5961	497
5962	507
5963	496
5964	490
5965	503
5966	490
5967	480
5968	518
5969	493
5970	488
5971	458
5972	513
5973	503
5974	507
5975	479
5976	456
5977	493
5978	464
5979	476
5980	481
5981	490
5982	462
5983	499
5984	493
5985	491
5986	511
5987	459
5988	501
5989	498
5990	503
5991	468
5992	462
5993	490
5994	492
5995	486
5996	472
5997	466
5998	520
5999	474
6000	482
6001	546
6002	494
6003	512
6004	523
6005	469
6006	516
6007	491
6008	567
6009	532
6010	547
6011	603
6012	766
6013	1032
6014	1345
6015	1999
6016	2793
6017	3766
6018	4760
6019	5605
6020	6140
6021	6039
6022	5520
6023	4702
6024	3842
6025	2814
6026	2016
6027	1415
6028	979
6029	736
6030	568
6031	516
6032	499
6033	505
6034	497
6035	471
6036	484
6037	457
6038	483
6039	450
6040	492
6041	511
6042	499
6043	488
6044	464
6045	530
6046	498
6047	462
6048	424
6049	489
6050	459
6051	468
6052	469
6053	492
6054	410
6055	481
6056	445
6057	489
6058	474
6059	473
6060	479
6061	492
6062	478
6063	472
6064	452
6065	504
6066	520
6067	467
6068	472
6069	485
6070	452
6071	470
6072	455
6073	491
6074	472
6075	456
6076	475
6077	442
6078	432
6079	471
6080	471
6081	454
6082	437
6083	435
6084	451
6085	437
6086	489
6087	503
6088	452
6089	447
6090	444
6091	508
6092	506
6093	461
6094	480
6095	472
6096	449
6097	435
6098	466
6099	457
6100	486
6101	442
6102	484
6103	493
6104	509
6105	471
6106	456
6107	507
6108	469
6109	460
6110	443
6111	443
6112	463
6113	463
6114	457
6115	479
6116	448
6117	486
6118	486
6119	470
6120	480
6121	472
6122	449
6123	512
6124	467
6125	468
6126	471
6127	460
6128	474
6129	469
6130	465
6131	467
6132	474
6133	452
6134	475
6135	437
6136	429
6137	455
6138	478
6139	423
6140	450
6141	504
6142	479
6143	464
6144	462
6145	462
6146	485
6147	430
6148	464
6149	479
6150	482
6151	457
6152	446
6153	466
6154	458
6155	453
6156	427
6157	455
6158	501
6159	468
6160	485
6161	429
6162	475
6163	460
6164	495
6165	469
6166	465
6167	463
6168	456
6169	466
6170	437
6171	454
6172	478
6173	473
6174	429
6175	434
6176	443
6177	490
6178	408
6179	471
6180	452
6181	473
6182	459
6183	468
6184	459
6185	439
6186	445
6187	490
6188	483
6189	452
6190	456
6191	486
6192	478
6193	440
6194	449
6195	463
6196	483
6197	472
6198	451
6199	477
6200	460
6201	473
6202	455
6203	478
6204	465
6205	482
6206	459
6207	476
6208	421
6209	450
6210	479
6211	457
6212	469
6213	468
6214	472
6215	470
6216	487
6217	462
6218	486
6219	522
6220	499
6221	511
6222	546
6223	579
6224	604
6225	585
6226	542
6227	573
6228	565
6229	519
6230	474
6231	463
6232	470
6233	458
6234	485
6235	449
6236	462
6237	441
6238	450
6239	446
6240	483
6241	473
6242	450
6243	450
6244	437
6245	405
6246	462
6247	470
6248	505
6249	486
6250	465
6251	463
6252	449
6253	430
6254	455
6255	486
6256	459
6257	455
6258	433
6259	471
6260	476
6261	439
6262	461
6263	459
6264	461
6265	434
6266	423
6267	458
6268	441
6269	442
6270	441
6271	443
6272	476
6273	432
6274	449
6275	445
6276	483
6277	488
6278	452
6279	453
6280	473
6281	446
6282	469
6283	494
6284	452
6285	458
6286	443
6287	446
6288	467
6289	460
6290	442
6291	461
6292	458
6293	463
6294	462
6295	464
6296	481
6297	474
6298	488
6299	493
6300	482
6301	467
6302	441
6303	449
6304	426
6305	464
6306	436
6307	469
6308	448
6309	433
6310	461
6311	472
6312	454
6313	437
6314	456
6315	431
6316	485
6317	418
6318	421
6319	474
6320	443
6321	477
6322	459
6323	448
6324	458
6325	461
6326	508
6327	423
6328	450
6329	419
6330	474
6331	437
6332	451
6333	459
6334	449
6335	436
6336	470
6337	447
6338	480
6339	444
6340	434
6341	444
6342	430
6343	491
6344	481
6345	478
6346	437
6347	468
6348	452
6349	463
6350	451
6351	444
6352	495
6353	460
6354	481
6355	459
6356	497
6357	487
6358	492
6359	498
6360	477
6361	444
6362	423
6363	444
6364	467
6365	485
6366	472
6367	445
6368	443
6369	460
6370	454
6371	454
6372	482
6373	466
6374	427
6375	441
6376	482
6377	459
6378	482
6379	434
6380	463
6381	426
6382	503
6383	474
6384	491
6385	425
6386	459
6387	452
6388	469
6389	461
6390	459
6391	441
6392	476
6393	431
6394	438
6395	425
6396	468
6397	505
6398	446
6399	421
6400	419
6401	439
6402	496
6403	434
6404	465
6405	490
6406	434
6407	445
6408	469
6409	512
6410	468
6411	458
6412	432
6413	442
6414	500
6415	502
6416	473
6417	447
6418	411
6419	447
6420	443
6421	490
6422	477
6423	449
6424	467
6425	469
6426	471
6427	450
6428	460
6429	445
6430	463
6431	458
6432	455
6433	461
6434	448
6435	459
6436	455
6437	482
6438	427
6439	492
6440	443
6441	438
6442	427
6443	440
6444	445
6445	476
6446	468
6447	444
6448	461
6449	521
6450	496
6451	454
6452	418
6453	463
6454	434
6455	468
6456	471
6457	480
6458	463
6459	426
6460	458
6461	474
6462	458
6463	441
6464	444
6465	445
6466	471
6467	426
6468	439
6469	460
6470	478
6471	425
6472	425
6473	456
6474	464
6475	470
6476	439
6477	423
6478	434
6479	462
6480	449
6481	454
6482	433
6483	474
6484	460
6485	457
6486	453
6487	481
6488	428
6489	453
6490	440
6491	466
6492	439
6493	439
6494	495
6495	449
6496	468
6497	463
6498	454
6499	439
6500	455
6501	453
6502	460
6503	422
6504	457
6505	441
6506	440
6507	434
6508	454
6509	485
6510	440
6511	469
6512	457
6513	464
6514	435
6515	490
6516	483
6517	500
6518	452
6519	482
6520	440
6521	492
6522	505
6523	456
6524	456
6525	462
6526	447
6527	523
6528	509
6529	488
6530	450
6531	443
6532	445
6533	470
6534	450
6535	442
6536	440
6537	485
6538	445
6539	485
6540	443
6541	464
6542	486
6543	461
6544	505
6545	534
6546	532
6547	544
6548	592
6549	567
6550	558
6551	577
6552	548
6553	497
6554	492
6555	544
6556	489
6557	485
6558	473
6559	462
6560	430
6561	487
6562	450
6563	444
6564	452
6565	439
6566	445
6567	450
6568	493
6569	427
6570	460
6571	456
6572	429
6573	437
6574	448
6575	468
6576	454
6577	417
6578	497
6579	459
6580	464
6581	454
6582	454
6583	443
6584	453
6585	487
6586	444
6587	462
6588	454
6589	447
6590	467
6591	488
6592	428
6593	444
6594	439
6595	509
6596	456
6597	464
6598	473
6599	480
6600	447
6601	456
6602	432
6603	433
6604	430
6605	434
6606	484
6607	465
6608	465
6609	480
6610	452
6611	456
6612	433
6613	448
6614	439
6615	483
6616	468
6617	471
6618	437
6619	440
6620	462
6621	455
6622	437
6623	466
6624	458
6625	422
6626	460
6627	452
6628	437
6629	477
6630	486
6631	461
6632	457
6633	436
6634	472
6635	419
6636	445
6637	495
6638	497
6639	428
6640	442
6641	475
6642	440
6643	415
6644	473
6645	445
6646	431
6647	472
6648	469
6649	454
6650	452
6651	455
6652	464
6653	462
6654	436
6655	466
6656	433
6657	421
6658	451
6659	459
6660	444
6661	499
6662	478
6663	483
6664	432
6665	454
6666	467
6667	468
6668	469
6669	447
6670	440
6671	471
6672	445
6673	449
6674	477
6675	464
6676	469
6677	483
6678	523
6679	457
6680	454
6681	473
6682	448
6683	444
6684	453
6685	449
6686	481
6687	473
6688	457
6689	453
6690	470
6691	512
6692	453
6693	439
6694	469
6695	483
6696	466
6697	498
6698	427
6699	443
6700	456
6701	430
6702	438
6703	466
6704	463
6705	484
6706	450
6707	471
6708	460
6709	486
6710	455
6711	470
6712	502
6713	435
6714	462
6715	465
6716	428
6717	461
6718	440
6719	453
6720	469
6721	433
6722	428
6723	450
6724	453
6725	423
6726	468
6727	484
6728	451
6729	473
6730	486
6731	494
6732	537
6733	575
6734	603
6735	645
6736	668
6737	697
6738	676
6739	628
6740	627
6741	589
6742	478
6743	533
6744	468
6745	468
6746	423
6747	475
6748	432
6749	488
6750	471
6751	418
6752	453
6753	446
6754	462
6755	451
6756	437
6757	446
6758	443
6759	429
6760	462
6761	394
6762	447
6763	444
6764	436
6765	453
6766	400
6767	422
6768	445
6769	451
6770	428
6771	445
6772	447
6773	437
6774	467
6775	428
6776	489
6777	459
6778	479
6779	435
6780	442
6781	434
6782	460
6783	431
6784	463
6785	458
6786	454
6787	432
6788	455
6789	453
6790	454
6791	466
6792	442
6793	441
6794	435
6795	472
6796	431
6797	453
6798	452
6799	460
6800	436
6801	443
6802	433
6803	460
6804	438
6805	435
6806	460
6807	446
6808	478
6809	486
6810	486
6811	457
6812	422
6813	444
6814	464
6815	440
6816	436
6817	441
6818	500
6819	465
6820	492
6821	482
6822	479
6823	445
6824	405
6825	470
6826	443
6827	422
6828	431
6829	452
6830	422
6831	454
6832	430
6833	448
6834	427
6835	440
6836	448
6837	417
6838	431
6839	472
6840	468
6841	416
6842	437
6843	461
6844	437
6845	469
6846	427
6847	442
6848	447
6849	466
6850	445
6851	420
6852	432
6853	484
6854	483
6855	453
6856	448
6857	466
6858	439
6859	450
6860	432
6861	449
6862	493
6863	440
6864	469
6865	394
6866	462
6867	430
6868	406
6869	415
6870	460
6871	451
6872	439
6873	432
6874	445
6875	473
6876	461
6877	479
6878	426
6879	453
6880	416
6881	461
6882	439
6883	421
6884	435
6885	433
6886	451
6887	448
6888	439
6889	440
6890	461
6891	471
6892	474
6893	435
6894	480
6895	467
6896	435
6897	452
6898	485
6899	408
6900	451
6901	462
6902	462
6903	470
6904	460
6905	419
6906	428
6907	422
6908	460
6909	420
6910	451
6911	417
6912	448
6913	444
6914	497
6915	464
6916	421
6917	433
6918	436
6919	442
6920	454
6921	456
6922	454
6923	434
6924	441
6925	450
6926	467
6927	457
6928	449
6929	492
6930	481
6931	433
6932	461
6933	461
6934	460
6935	428
6936	436
6937	468
6938	472
6939	456
6940	440
6941	449
6942	459
6943	446
6944	437
6945	472
6946	417
6947	428
6948	452
6949	444
6950	436
6951	457
6952	421
6953	440
6954	471
6955	435
6956	426
6957	416
6958	448
6959	423
6960	456
6961	427
6962	455
6963	422
6964	449
6965	427
6966	444
6967	498
6968	463
6969	441
6970	445
6971	436
6972	460
6973	460
6974	450
6975	437
6976	477
6977	467
6978	422
6979	414
6980	423
6981	416
6982	458
6983	444
6984	449
6985	421
6986	473
6987	424
6988	419
6989	486
6990	488
6991	436
6992	466
6993	451
6994	431
6995	493
6996	429
6997	413
6998	419
6999	449
7000	467
7001	454
7002	405
7003	441
7004	450
7005	460
7006	475
7007	471
7008	427
7009	462
7010	441
7011	449
7012	441
7013	444
7014	441
7015	462
7016	415
7017	438
7018	477
7019	447
7020	443
7021	407
7022	458
7023	488
7024	479
7025	443
7026	456
7027	440
7028	440
7029	456
7030	435
7031	448
7032	460
7033	478
7034	469
7035	429
7036	477
7037	450
7038	464
7039	438
7040	475
7041	441
7042	440
7043	471
7044	508
7045	473
7046	466
7047	461
7048	474
7049	464
7050	511
7051	459
7052	525
7053	509
7054	480
7055	493
7056	522
7057	533
7058	556
7059	633
7060	683
7061	819
7062	1192
7063	1761
7064	2405
7065	3470
7066	4811
7067	6253
7068	7757
7069	8862
7070	9484
7071	9591
7072	9081
7073	7923
7074	6684
7075	5193
7076	3885
7077	2830
7078	1931
7079	1442
7080	969
7081	841
7082	703
7083	627
7084	590
7085	610
7086	614
7087	580
7088	610
7089	558
7090	560
7091	549
7092	604
7093	566
7094	596
7095	589
7096	594
7097	516
7098	543
7099	590
7100	583
7101	573
7102	583
7103	584
7104	503
7105	551
7106	580
7107	574
7108	588
7109	610
7110	593
7111	577
7112	532
7113	581
7114	584
7115	570
7116	556
7117	529
7118	591
7119	556
7120	548
7121	561
7122	566
7123	565
7124	565
7125	527
7126	586
7127	562
7128	587
7129	570
7130	583
7131	543
7132	547
7133	575
7134	531
7135	566
7136	569
7137	547
7138	608
7139	556
7140	594
7141	592
7142	570
7143	551
7144	564
7145	535
7146	563
7147	521
7148	572
7149	605
7150	574
7151	579
7152	577
7153	551
7154	543
7155	570
7156	551
7157	599
7158	534
7159	609
7160	573
7161	557
7162	543
7163	550
7164	543
7165	570
7166	561
7167	529
7168	566
7169	536
7170	541
7171	581
7172	553
7173	511
7174	575
7175	588
7176	582
7177	547
7178	582
7179	526
7180	560
7181	566
7182	549
7183	556
7184	570
7185	609
7186	525
7187	593
7188	568
7189	529
7190	558
7191	547
7192	563
7193	580
7194	570
7195	602
7196	582
7197	552
7198	576
7199	568
7200	590
7201	564
7202	556
7203	572
7204	564
7205	608
7206	511
7207	564
7208	585
7209	587
7210	524
7211	556
7212	571
7213	565
7214	549
7215	576
7216	589
7217	563
7218	573
7219	614
7220	579
7221	564
7222	568
7223	583
7224	583
7225	574
7226	541
7227	519
7228	575
7229	566
7230	543
7231	564
7232	547
7233	542
7234	559
7235	576
7236	596
7237	583
7238	556
7239	543
7240	590
7241	551
7242	593
7243	570
7244	544
7245	559
7246	571
7247	574
7248	535
7249	539
7250	552
7251	573
7252	590
7253	562
7254	559
7255	493
7256	578
7257	549
7258	580
7259	564
7260	599
7261	562
7262	554
7263	605
7264	591
7265	613
7266	604
7267	597
7268	605
7269	560
7270	605
7271	576
7272	570
7273	579
7274	606
7275	537
7276	539
7277	548
7278	538
7279	596
7280	621
7281	531
7282	580
7283	551
7284	584
7285	593
7286	563
7287	575
7288	558
7289	570
7290	561
7291	548
7292	538
7293	604
7294	571
7295	513
7296	515
7297	529
7298	600
7299	578
7300	617
7301	522
7302	577
7303	568
7304	586
7305	539
7306	578
7307	584
7308	576
7309	508
7310	528
7311	538
7312	549
7313	542
7314	561
7315	545
7316	554
7317	575
7318	550
7319	553
7320	530
7321	573
7322	556
7323	533
7324	605
7325	570
7326	551
7327	565
7328	557
7329	579
7330	541
7331	530
7332	564
7333	566
7334	515
7335	556
7336	585
7337	561
7338	575
7339	593
7340	575
7341	552
7342	569
7343	556
7344	564
7345	556
7346	563
7347	541
7348	530
7349	534
7350	592
7351	571
7352	592
7353	579
7354	601
7355	599
7356	533
7357	546
7358	575
7359	554
7360	600
7361	585
7362	508
7363	511
7364	594
7365	600
7366	555
7367	562
7368	598
7369	538
7370	546
7371	537
7372	586
7373	536
7374	546
7375	549
7376	572
7377	557
7378	591
7379	587
7380	558
7381	579
7382	567
7383	601
7384	593
7385	567
7386	560
7387	554
7388	521
7389	590
7390	552
7391	568
7392	559
7393	526
7394	570
7395	541
7396	575
7397	526
7398	547
7399	576
7400	553
7401	561
7402	580
7403	577
7404	555
7405	559
7406	566
7407	538
7408	534
7409	548
7410	601
7411	555
7412	526
7413	556
7414	567
7415	561
7416	551
7417	546
7418	548
7419	578
7420	563
7421	561
7422	569
7423	573
7424	607
7425	621
7426	592
7427	572
7428	634
7429	637
7430	657
7431	663
7432	669
7433	687
7434	636
7435	553
7436	638
7437	591
7438	610
7439	555
7440	557
7441	560
7442	577
7443	600
7444	603
7445	594
7446	510
7447	604
7448	541
7449	579
7450	553
7451	576
7452	620
7453	561
7454	531
7455	571
7456	548
7457	560
7458	554
7459	533
7460	601
7461	582
7462	561
7463	582
7464	569
7465	566
7466	568
7467	564
7468	530
7469	548
7470	553
7471	572
7472	551
7473	573
7474	555
7475	538
7476	571
7477	570
7478	585
7479	567
7480	578
7481	576
7482	546
7483	595
7484	562
7485	549
7486	581
7487	535
7488	572
7489	567
7490	568
7491	571
7492	579
7493	616
7494	556
7495	608
7496	550
7497	542
7498	556
7499	575
7500	570
7501	522
7502	558
7503	551
7504	556
7505	582
7506	604
7507	576
7508	606
7509	549
7510	597
7511	566
7512	525
7513	614
7514	585
7515	572
7516	567
7517	577
7518	578
7519	582
7520	554
7521	662
7522	573
7523	573
7524	592
7525	586
7526	619
7527	548
7528	587
7529	554
7530	610
7531	519
7532	559
7533	531
7534	567
7535	572
7536	598
7537	584
7538	595
7539	539
7540	614
7541	555
7542	578
7543	612
7544	529
7545	549
7546	526
7547	551
7548	603
7549	609
7550	544
7551	604
7552	603
7553	592
7554	556
7555	597
7556	602
7557	583
7558	571
7559	539
7560	586
7561	571
7562	564
7563	552
7564	553
7565	524
7566	542
7567	566
7568	597
7569	546
7570	615
7571	576
7572	567
7573	556
7574	499
7575	609
7576	583
7577	629
7578	507
7579	596
7580	553
7581	604
7582	557
7583	580
7584	572
7585	540
7586	616
7587	526
7588	550
7589	556
7590	526
7591	565
7592	562
7593	581
7594	537
7595	590
7596	592
7597	555
7598	583
7599	563
7600	562
7601	561
7602	605
7603	569
7604	588
7605	575
7606	586
7607	592
7608	573
7609	612
7610	566
7611	612
7612	544
7613	555
7614	564
7615	584
7616	592
7617	582
7618	630
7619	613
7620	569
7621	597
7622	585
7623	578
7624	572
7625	573
7626	517
7627	559
7628	594
7629	612
7630	633
7631	592
7632	573
7633	547
7634	572
7635	592
7636	612
7637	718
7638	732
7639	722
7640	752
7641	730
7642	759
7643	767
7644	764
7645	716
7646	651
7647	646
7648	681
7649	623
7650	557
7651	560
7652	552
7653	566
7654	589
7655	567
7656	596
7657	558
7658	558
7659	572
7660	587
7661	602
7662	540
7663	560
7664	587
7665	575
7666	548
7667	582
7668	580
7669	621
7670	602
7671	538
7672	613
7673	583
7674	586
7675	606
7676	592
7677	592
7678	593
7679	599
7680	633
7681	573
7682	608
7683	582
7684	550
7685	607
7686	592
7687	589
7688	609
7689	595
7690	567
7691	565
7692	567
7693	586
7694	615
7695	584
7696	559
7697	536
7698	570
7699	591
7700	595
7701	623
7702	597
7703	542
7704	562
7705	606
7706	532
7707	592
7708	576
7709	582
7710	584
7711	593
7712	566
7713	582
7714	542
7715	543
7716	583
7717	573
7718	582
7719	618
7720	529
7721	594
7722	592
7723	587
7724	609
7725	633
7726	567
7727	610
7728	569
7729	565
7730	591
7731	606
7732	564
7733	535
7734	562
7735	637
7736	569
7737	571
7738	592
7739	576
7740	633
7741	570
7742	601
7743	600
7744	606
7745	544
7746	612
7747	536
7748	561
7749	594
7750	564
7751	561
7752	564
7753	620
7754	603
7755	535
7756	551
7757	556
7758	599
7759	582
7760	602
7761	577
7762	597
7763	592
7764	575
7765	577
7766	623
7767	582
7768	580
7769	604
7770	612
7771	578
7772	604
7773	603
7774	637
7775	574
7776	601
7777	547
7778	604
7779	601
7780	659
7781	586
7782	581
7783	613
7784	571
7785	590
7786	588
7787	607
7788	678
7789	580
7790	583
7791	570
7792	636
7793	581
7794	602
7795	559
7796	559
7797	595
7798	563
7799	591
7800	604
7801	549
7802	564
7803	620
7804	557
7805	586
7806	623
7807	599
7808	597
7809	588
7810	597
7811	568
7812	594
7813	574
7814	547
7815	573
7816	612
7817	608
7818	600
7819	568
7820	574
7821	596
7822	596
7823	622
7824	623
7825	611
7826	562
7827	554
7828	568
7829	603
7830	615
7831	612
7832	557
7833	604
7834	617
7835	589
7836	596
7837	599
7838	543
7839	633
7840	630
7841	646
7842	589
7843	604
7844	579
7845	605
7846	672
7847	592
7848	565
7849	622
7850	592
7851	600
7852	627
7853	571
7854	664
7855	578
7856	583
7857	610
7858	563
7859	566
7860	560
7861	560
7862	614
7863	590
7864	594
7865	606
7866	627
7867	636
7868	573
7869	570
7870	539
7871	556
7872	570
7873	595
7874	568
7875	605
7876	609
7877	583
7878	583
7879	573
7880	573
7881	600
7882	580
7883	561
7884	557
7885	588
7886	600
7887	576
7888	610
7889	608
7890	626
7891	583
7892	601
7893	555
7894	597
7895	598
7896	572
7897	608
7898	591
7899	548
7900	570
7901	585
7902	611
7903	561
7904	561
7905	618
7906	558
7907	601
7908	581
7909	570
7910	547
7911	638
7912	611
7913	619
7914	559
7915	567
7916	597
7917	562
7918	608
7919	601
7920	638
7921	595
7922	579
7923	585
7924	584
7925	605
7926	581
7927	574
7928	598
7929	601
7930	588
7931	600
7932	612
7933	597
7934	609
7935	557
7936	655
7937	650
7938	614
7939	592
7940	580
7941	639
7942	628
7943	556
7944	597
7945	639
7946	657
7947	612
7948	610
7949	595
7950	558
7951	656
7952	584
7953	610
7954	584
7955	576
7956	610
7957	596
7958	579
7959	597
7960	596
7961	591
7962	570
7963	593
7964	561
7965	593
7966	617
7967	627
7968	615
7969	551
7970	613
7971	609
7972	566
7973	621
7974	565
7975	612
7976	612
7977	586
7978	599
7979	622
7980	579
7981	591
7982	597
7983	615
7984	593
7985	635
7986	595
7987	635
7988	602
7989	615
7990	603
7991	586
7992	591
7993	610
7994	618
7995	644
7996	620
7997	616
7998	605
7999	611
8000	595
8001	567
8002	567
8003	592
8004	594
8005	599
8006	600
8007	621
8008	585
8009	653
8010	620
8011	617
8012	579
8013	583
8014	621
8015	615
8016	657
8017	624
8018	604
8019	619
8020	612
8021	553
8022	621
8023	617
8024	581
8025	611
8026	610
8027	641
8028	534
8029	648
8030	552
8031	611
8032	597
8033	610
8034	581
8035	634
8036	596
8037	586
8038	605
8039	595
8040	552
8041	612
8042	587
8043	668
8044	552
8045	607
8046	607
8047	578
8048	597
8049	591
8050	604
8051	607
8052	550
8053	608
8054	616
8055	673
8056	607
8057	625
8058	606
8059	593
8060	582
8061	597
8062	638
8063	603
8064	618
8065	634
8066	597
8067	600
8068	598
8069	620
8070	607
8071	602
8072	599
8073	575
8074	584
8075	595
8076	635
8077	627
8078	643
8079	605
8080	605
8081	620
8082	673
8083	613
8084	578
8085	623
8086	605
8087	614
8088	586
8089	562
8090	640
8091	631
8092	616
8093	645
8094	590
8095	584
8096	611
8097	570
8098	599
8099	609
8100	641
8101	614
8102	631
8103	643
8104	620
8105	615
8106	572
8107	596
8108	632
8109	627
8110	611
8111	620
8112	632
8113	617
8114	625
8115	638
8116	609
8117	609
8118	570
8119	600
8120	599
8121	605
8122	630
8123	595
8124	603
8125	620
8126	610
8127	602
8128	589
8129	593
8130	621
8131	589
8132	597
8133	571
8134	638
8135	646
8136	616
8137	582
8138	634
8139	582
8140	628
8141	623
8142	611
8143	622
8144	595
8145	573
8146	619
8147	622
8148	623
8149	642
8150	579
8151	623
8152	635
8153	616
8154	634
8155	607
8156	619
8157	647
8158	650
8159	660
8160	657
8161	646
8162	619
8163	612
8164	635
8165	600
8166	613
8167	636
8168	637
8169	663
8170	640
8171	577
8172	610
8173	636
8174	604
8175	621
8176	617
8177	614
8178	597
8179	615
8180	608
8181	647
8182	632
8183	646
8184	642
8185	647
8186	662
8187	679
8188	580
8189	634
8190	632
8191	0
8192	0
8193	0
8194	0
8195	0
8196	0
8197	0
8198	0
8199	0
