$MEAS_TIM:
    900     996
$DATE_MEA:
10-05-2070  11:06:04
$MCA_CAL:
 2
 0.000000e+000 1.000000e+000
$DATA:
       0     8191
      72     151    1485    2112    2068    2099    2100    1988    1998    2038
    2080    2017    1999    1973    1910    1951    1969    2000    1989    1987
    1960    1929    1960    2033    1969    1998    1970    1954    1882    2059
    1952    2067    1986    2001    1986    1893    1944    1963    1909    1941
    1880    1924    1879    1981    1871    1958    1874    1866    1872    1882
    1905    1817    1939    1809    1901    1883    1982    1855    1978    1881
    1796    1862    1837    1919    1864    1856    1878    1841    1818    1923
    1806    1785    1835    1787    1821    1847    1866    1804    1783    1736
    1786    1787    1844    1802    1748    1878    1749    1756    1836    1850
    1808    1770    1779    1821    1811    1801    1850    1770    1740    1796
    1750    1747    1882    1808    1820    1743    1803    1698    1728    1764
    1787    1744    1787    1805    1775    1780    1788    1827    1741    1853
    1772    1832    1841    1830    1760    1780    1840    1786    1764    1846
    1832    1782    1798    1868    1854    1810    1790    1835    1771    1872
    1844    1860    1849    1823    1773    1805    1790    1871    1853    1860
    1836    1761    1797    1795    1880    1751    1822    1805    1834    1848
    1832    1831    1880    1776    1856    1850    1858    1827    1842    1844
    1867    1856    1719    1838    1884    1868    1833    1796    1874    1819
    1854    1826    1919    1814    1891    1905    1840    1822    1854    1908
    1761    1861    1829    1895    1944    1937    1930    1905    2008    1867
    1923    2020    1950    1987    2014    2040    2037    2128    2058    2087
    2002    2118    2075    2185    2157    2186    2121    2201    2120    2128
    2096    2074    2071    2196    2100    2113    2118    2022    2108    2002
    2183    2107    2163    2029    2114    2143    2053    2125    2019    2074
    2055    2169    2126    2034    2067    2077    2099    2132    2124    2084
    2081    2331    2506    3249    4901    6641    7271    6459    4764    3604
    3519    4886    7838   10340   10991    8902    5756    3444    2397    1992
    1930    1833    1845    1855    1847    1822    1858    1855    1868    1885
    1884    1909    1789    1868    1817    1805    1878    1800    1826    1831
    1830    1871    1825    1899    1882    1817    2019    2266    2820    3523
    4359    4722    4430    3576    2732    2203    1879    1944    2127    2323
    2581    2709    2466    2254    2073    1851    1776    1766    1800    1829
    1878    1822    1819    1845    1755    1803    1757    1749    1778    1783
    1733    1787    1755    1743    1858    1816    1761    1844    1699    1790
    1714    1808    1827    1770    1755    1695    1798    1772    1777    1694
    1803    1720    1769    1727    1689    1777    1752    1732    1761    1760
    1808    1851    1731    1779    1778    1769    1797    1791    1866    1749
    1748    1790    1843    1775    1750    1849    1764    1771    1719    1862
    1787    1827    1863    1838    1761    1824    1819    1799    1811    1856
    1811    1781    1836    1939    1863    1872    1893    1893    1894    1879
    1859    1876    1917    1914    1917    1898    1882    1882    1861    1876
    1836    1993    1851    1880    1900    2020    1971    1934    1888    2012
    1927    1947    1926    1990    1907    1992    2004    1984    2002    1934
    1887    2021    1975    1867    1934    1920    2039    1879    1975    1930
    1977    1944    1915    1923    1918    1884    1979    1842    1926    1878
    1895    1875    1879    1945    1938    1935    1968    1944    1894    2014
    1872    1943    1963    1925    2024    1966    1919    2004    1944    1948
    1893    1966    1983    1926    1982    2018    1953    1906    1920    1934
    1948    1989    1914    1941    1915    2019    1880    1909    1862    1968
    1943    2031    1916    1913    1978    1947    1881    1885    1948    2001
    1937    1845    1916    1919    1957    1915    1883    1983    1973    1941
    1987    1907    1937    1978    1970    1909    1881    1956    1949    1859
    1879    1869    1921    1931    2009    1958    2072    1962    1932    1916
    1955    1937    1957    1882    1903    1983    2015    1979    1848    1864
    1934    1967    1942    1953    1895    1971    1941    1925    1946    1986
    1944    2009    2002    1990    1970    2007    1968    1909    1903    1899
    1957    1953    2027    1980    1987    1903    1882    1882    1914    1987
    1989    1933    1949    1964    1992    1898    1994    1952    2021    2012
    1929    2004    1998    1975    1964    1989    2034    2055    2064    1958
    2068    2048    2076    2020    2105    2021    2095    2065    2050    2170
    2045    2141    2142    2168    2241    2242    2129    2289    2294    2336
    2435    2475    2396    2429    2700    2696    2726    2731    2694    2690
    2691    2820    2813    2845    2724    2797    2917    2838    2797    2821
    2781    2910    2802    2777    2912    2807    2832    2804    2857    2846
    2786    2817    2810    2739    2770    2803    2727    2647    2702    2706
    2718    2700    2604    2645    2667    2715    2593    2644    2601    2572
    2561    2549    2542    2660    2673    2594    2671    2661    2560    2716
    2645    2681    2631    2602    2615    2560    2566    2590    2675    2574
    2634    2655    2642    2657    2661    2758    2599    2619    2631    2692
    2637    2665    2758    2771    2759    2704    2631    2701    2777    2746
    2612    2572    2829    2594    2710    2689    2747    2658    2621    2678
    2745    2593    2667    2627    2636    2705    2570    2657    2697    2607
    2664    2640    2630    2566    2594    2572    2594    2633    2545    2627
    2536    2557    2513    2536    2592    2568    2669    2623    2501    2562
    2571    2573    2549    2564    2592    2526    2599    2525    2548    2567
    2466    2474    2607    2532    2493    2568    2485    2495    2493    2547
    2465    2426    2494    2544    2555    2515    2465    2472    2464    2540
    2518    2524    2439    2490    2432    2476    2502    2446    2454    2453
    2427    2479    2430    2523    2490    2540    2480    2497    2440    2326
    2435    2340    2416    2348    2342    2421    2479    2363    2482    2470
    2509    2325    2423    2391    2331    2295    2413    2371    2430    2420
    2315    2295    2418    2372    2345    2379    2336    2285    2436    2350
    2297    2377    2315    2339    2389    2304    2347    2348    2418    2376
    2208    2357    2306    2380    2395    2334    2328    2453    2309    2457
    2281    2308    2305    2218    2310    2308    2331    2451    2355    2340
    2361    2380    2259    2376    2422    2313    2264    2348    2373    2342
    2292    2328    2364    2348    2261    2299    2345    2353    2335    2312
    2374    2355    2410    2351    2313    2409    2387    2368    2320    2392
    2336    2399    2363    2368    2468    2403    2394    2327    2416    2477
    2392    2406    2415    2352    2418    2340    2355    2439    2389    2434
    2489    2455    2382    2387    2436    2412    2484    2375    2390    2470
    2460    2458    2463    2404    2470    2370    2492    2507    2410    2448
    2521    2507    2470    2414    2481    2469    2490    2478    2572    2483
    2486    2563    2542    2557    2523    2488    2542    2555    2604    2598
    2644    2522    2518    2527    2626    2634    2529    2502    2580    2598
    2588    2674    2648    2562    2710    2497    2651    2543    2570    2585
    2475    2503    2587    2595    2550    2541    2650    2579    2590    2564
    2600    2594    2534    2536    2597    2532    2630    2683    2558    2507
    2529    2482    2514    2448    2428    2451    2452    2489    2430    2446
    2361    2362    2318    2303    2284    2292    2189    2179    2139    2086
    2007    1952    1961    2007    1897    1870    1826    1755    1699    1764
    1678    1658    1651    1653    1535    1532    1509    1491    1434    1492
    1448    1440    1425    1391    1453    1413    1428    1369    1346    1327
    1318    1338    1390    1360    1371    1289    1286    1239    1373    1305
    1345    1242    1241    1232    1252    1299    1189    1209    1204    1145
    1238    1155    1117    1229    1139    1142    1131    1181    1157    1150
    1125    1138    1114    1106    1119    1106    1051    1106    1047    1104
    1029    1125    1000    1128    1099    1051    1003    1033    1011    1072
     976    1015     995    1022    1038    1047     997     960    1047     973
     920     999     938     956     969     916     974    1041     955     908
     917     920     907     865     902     945     863     878     883     876
     898     829     851     847     806     854     853     801     804     770
     858     827     858     805     825     813     824     767     828     858
     801     817     791     780     759     779     765     741     724     732
     767     708     752     797     758     707     733     694     721     697
     734     715     683     699     707     705     711     701     718     650
     737     709     692     620     707     670     621     637     637     611
     605     629     650     610     659     631     598     571     648     612
     607     600     610     597     610     578     539     572     611     590
     558     550     581     591     522     568     546     492     554     567
     542     569     540     568     553     532     535     542     511     490
     509     528     515     521     512     501     513     506     503     482
     527     477     491     479     477     476     490     532     477     491
     470     475     484     521     437     479     506     466     471     444
     452     480     446     458     434     430     431     401     443     446
     433     434     446     461     390     434     440     415     414     425
     398     444     410     440     383     432     416     447     392     438
     389     389     406     375     403     404     410     367     382     394
     396     409     373     399     346     387     383     395     384     405
     389     395     382     348     376     365     372     337     361     374
     378     332     385     370     351     373     360     363     372     371
     362     357     387     346     330     366     376     356     362     362
     355     334     400     364     346     321     329     331     324     400
     370     351     383     361     320     373     357     355     349     348
     379     362     332     364     361     357     366     335     351     359
     353     316     333     347     353     384     336     373     340     369
     348     369     346     341     344     364     327     355     369     390
     373     362     337     322     327     329     317     334     339     354
     309     365     331     381     323     367     334     352     325     349
     348     379     279     318     326     344     359     302     313     338
     341     323     344     332     318     335     300     350     304     307
     313     303     320     294     319     347     323     342     323     310
     350     331     327     286     309     326     342     329     296     305
     302     293     293     299     315     279     323     310     283     307
     284     282     281     287     271     292     328     279     302     295
     296     280     288     261     300     279     293     277     297     278
     288     249     282     273     280     288     298     292     280     292
     293     299     292     273     305     310     293     287     274     255
     279     264     259     260     270     283     260     261     278     272
     295     250     276     270     264     249     271     261     253     262
     276     251     278     273     260     259     271     266     279     228
     248     264     256     264     254     275     251     249     250     261
     251     258     236     243     283     270     275     243     234     233
     237     243     284     240     259     259     245     258     273     254
     253     259     235     213     248     243     224     246     274     247
     237     243     245     238     241     256     221     237     259     270
     243     228     229     257     215     241     258     251     240     262
     239     249     222     257     270     233     252     225     243     259
     272     247     248     239     260     236     232     259     260     260
     299     263     298     307     296     267     237     297     269     257
     250     233     272     243     254     272     252     250     270     255
     274     278     241     275     278     244     282     270     273     278
     271     281     277     320     330     565    1567    5203   15579   40222
   83425  139349  187500  202868  176207  122001   68400   30568   11421    3615
    1235     549     407     394     346     328     316     287     275     265
     292     265     282     230     273     253     230     272     242     220
     245     228     229     229     211     216     222     207     233     194
     196     199     190     208     160     172     208     205     221     188
     199     184     186     193     191     150     180     148     169     156
     179     163     177     170     164     155     179     162     171     171
     158     183     163     176     152     150     173     163     156     171
     145     183     153     155     176     141     154     122     145     154
     165     131     146     156     134     156     156     141     150     143
     136     143     131     123     170     148     166     145     125     136
     164     144     154     155     144     141     136     146     140     156
     125     141     120     134     133     138     156     136     127     143
     140     132     143     136     146     114     125     150     109     135
     126     129     112     123     140     145     133     128     139     144
     130     127     117     150     146     118     124     145     114     130
     106     130     119     144     133     115     108     124     126     127
     129     123     137     122     139     114     122     145     113     132
     143     117     138     102     117     109     126     116     120     121
     124     130     119     126     112     113     133     113     115     121
     109     121     106     132     124     111     115     128      99     129
     106     120     130     101     113     112     101     101     102     119
     124     119     112     105      97     103     116     114     102     107
     126     129     117     121     118     120     116      99     133      88
      88     104     122     107      83     109     113     110      97      98
     132     108     141     121     123     152     112     130     126     116
     130     110     116     112     111     119     120     124     116     109
      96     113     128     136     130     113     106     130     115     107
     144     131     112     144      95     119     109     136     131     118
     105     117      97     112     120     102     105      87     102     106
     111      94      77      99     130      96      95     108     100      84
     102      92      91      85      98      91     109     101     100      97
     120     106      82      84      78      93      90      89      87     111
      92     107      90      78      87     103      93     101     100      98
      91      78      92      85      92      86      81      91      75      94
      73      76      74      70      82      89      80      89      81      80
     103      85      81      78      92      93      88      88      83      78
      82      82     100      76      73      70      97      86      78      65
      75      88      89      70      71      81      89      93      74      80
      79      83      87      76      73      70      82      80      96      97
      83      98      82      98      78      67      90      84      81      95
      73      82      65      79      82      73      78      64      84      78
      87      75      74      83      91      67      68      55      86      78
      94      63      65      84      59      86      74      69      74      70
      61      65      76      75      71      81      74      76      70      62
      64      61      72      70      74      72      77      67      73      66
      86      79      65      83      76      65      74      65      68      58
      60      78      66      62      67      59      65      74      81      66
      73      75      85      73      74      71      79      63      71      67
      61      60      62      72      66      78      86      54      82      76
      51      56      81      73      74      69      74      63      55      69
      67      56      57      57      64      65      72      68      65      61
      73      53      83      62      63      68      61      59      63      75
      66      52      63      52      56      61      66      69      61      74
      63      76      60      52      63      74      70      64      57      60
      58      61      64      62      67      61      48      65      68      58
      61      58      55      67      57      63      71      63      60      60
      64      63      62      74      56      55      71      54      59      54
      54      55      52      60      54      54      48      43      58      63
      55      39      59      56      59      61      50      52      60      43
      58      56      55      55      65      71      62      69      66      61
      61      66      55      56      56      52      48      56      55      58
      65      60      65      67      57      55      56      69      60      55
      66      50      60      60      59      61      65      72      50      58
      61      54      55      58      61      52      55      48      57      46
      72      45      67      34      54      61      44      61      51      59
      50      46      41      50      44      47      56      64      61      65
      48      48      58      60      58      55      58      51      47      50
      47      50      59      53      55      54      41      41      47      58
      48      62      38      46      52      48      51      46      45      46
      47      37      51      53      51      64      39      50      42      58
      50      50      49      40      55      45      52      47      50      48
      59      41      54      53      49      41      35      41      50      43
      53      48      60      50      41      41      55      48      54      52
      59      53      45      44      48      47      44      38      50      56
      60      51      44      42      40      45      52      38      45      41
      36      44      49      37      39      53      43      38      42      34
      47      32      36      49      38      46      34      56      46      39
      51      51      46      44      39      59      33      46      40      44
      45      45      47      42      49      38      32      40      47      50
      33      47      59      55      51      52      44      53      35      43
      50      49      42      38      35      35      41      40      42      36
      35      40      49      35      40      37      40      33      48      35
      37      44      36      41      29      35      31      42      51      44
      28      44      46      33      41      37      36      39      56      26
      38      45      32      44      47      41      30      45      39      31
      40      31      34      51      30      40      36      44      34      39
      39      42      31      36      29      30      39      32      33      35
      43      42      36      33      33      43      27      38      42      36
      35      38      40      39      31      39      30      40      45      35
      47      38      38      41      28      36      34      37      32      39
      35      31      36      39      42      37      34      42      32      39
      18      30      39      37      41      34      34      35      40      37
      39      42      37      31      35      28      43      37      42      38
      33      25      26      31      36      29      31      33      31      37
      33      23      33      25      39      32      18      32      30      32
      32      41      28      35      27      27      31      30      33      32
      24      36      36      25      33      28      34      33      40      33
      18      31      20      23      31      23      31      28      24      34
      35      37      31      28      28      34      34      33      23      21
      32      21      17      34      31      35      29      27      31      26
      29      35      24      24      29      17      33      28      30      22
      28      19      35      27      21      17      30      22      20      28
      26      17      28      23      24      27      26      27      29      18
      29      17      31      18      24      15      23      29      27      25
      24      27      30      21      15      20      40      41     118     247
     384     624     784     926     843     674     476     258     173      64
      32      23      18      18      24      13      18      28      17      27
      25      18      22      28      21      26      28      17      12      22
      19      21      16      21      24      13      24      21      21      19
      20      22      31      20      19      14      22      18      18      26
      29      16      17      25      11      26      18      25      15      18
      17      24      20      24      20      16      14      23      21      26
      15      17      11      19      16      20      17      16      15      20
      27      14      17      23      17      19      22      18      15      21
      21      22      20      19      13      11      10      21      10      20
      20      18      22      16      16      18      21      19      18      10
      19      11      11      19      22      18      19      14      10      18
      14      11      13      17      17      22      25      14      21      17
      10      17      18      10      13      12      14      15      18      15
      16      23      15      15      18      17      23      14      16      12
      12      29      16      15      14      18      18      18      17      23
      16      21      19      22      15      16      12      19      10      23
      19       9      21      19      22      10      14      12      13      13
      25      17      17      10      11      15      16      14      22      19
      23      13      24      12      10      16      20      17      15      19
      16      15      13       7      15      16      11      13      15      19
      15      16      18      15      16      15      13       9      18      23
      21      18      14      21      14      20      14      13      15       9
      24      11      20      12      19      16      20      17      17      17
      21      12      18      16      18      15      18      16      13      18
      20      20      11       8      20      13      18       9      16      14
       9      20      17      13      16      13      16      16      19      18
      18      16      16      16      15       8      13      18      14      17
      25      16      18      19       6      14      19      17       7      12
      20      15      16      11      16      16      23      19      15      17
      13      18      20      12      21      16      24      12      14      18
      22      23      17      16      13      14      22      18      18      18
      16      13      15      15      20      18      22      18      16      20
      18      16      13      16      15      24      18      15      13      16
      15      17      18      15      12      10      16      13      21      20
      15      13      16      20      12       8      22      17      15      14
      12      13      16      16      17      17      10      23      14      17
      17      13      18      17      21      16      18      16      17      19
      13      21      14      15      25      18      15      14      15      16
      21      18      13      23      18       9      20      20      25      19
       9      20      20      10      20      10      23      11      20      21
      19      20      24      16      21      14      20      16      20      12
      19      16      22      22      22      18      23      10      12      17
      16      17      16      11      24      17      16      23      12      15
      12      19      18      15      11      12      16      17      12      18
      16      18      17       9      13      16      12      15      17      17
      20      24      20      21      21      21      10      20      16      19
      12      22      13      22      20      18      25      27      17      18
      15      17      22      24      14      27      19      23      12      22
      22      18      14      19      24      21      20      26      25      19
      22      17      17      16      23      11      24      21      15       7
      20      20      26      25      27      31      41      27      25      20
      19      17      20      25      19      17      13      27      18      28
      30      26      27      25      27      23      27      28      28      30
      22      20      23      18      19      36      30      30      28      29
      25      20      24      18      33      30      26      38      27      18
      23      28      31      39      45      39      32      35      27      34
      27      26      43      35      30      43      31      29      47      38
      39      49      48      39      44      44      41      54      55      59
      68      70      88      90      95      92      85      78      42      33
      20      15       8       8       5       5       4       2       3       2
       4       1       1       6       6       5       4      10       4       3
       2       5       6       4       2       3       3       3       4       5
       3       5       6       3       5       1       2       3       5       3
       4       4       3       5       5       3       1       3       1       5
       6       5       5       6       3       4      10       6       1       5
       8       3       8       5       5       7       2       6       7       8
       4       8       3       7       7       5       4       4       3       3
       3       3       3       1       5       2       5       4       2       4
       5       6       5       6       3       1       3       2       9       4
       5       3       7       7       6       2       4       5       2       4
      10       5       7       4       7       9       3       2       4       5
       2       8       4       4       5       9       3       3      13       7
       7       6       7       3       8       6       5       5       5       7
       6       3       3       4       5       3       1       5       2       4
       2       3       7       5       3       0       7       2       6       8
       6       4       2       9       5       4       5       5       5       7
       2       4       6       4       2       4       3       0      11       4
       7       2       7       3       9       3       5       5       6       4
       5       5       4       5       3       6       9       6       2       6
       5       2       6       3       5       4       8       7       7       4
       9       6       3       5       4       7       1       4       4       5
       9       3       3       4       2       4       7      10       3       4
       3       3       6       7       2       8       5       6       4       9
       4       2       8       3       3       5       4       2       3       2
       2       3       4       3       3       3       5       8       1       4
       6       3       9       1       2       3       4       8       1       1
       3       7       1       3       4       8       2       8       0       6
       8       1       3       3       4       3       3       1       5       4
       9       9       1       4       2       2       2       5       0       7
       5       2       6       3       3       5       1       3       6       4
       5       2       1       4       4       0       2       4       4       3
       6       1       4       0       2       3       1       3       1       2
       1       2       5       5       0       2       0       6       6       3
       2       3       6       5       4       3       4       2       3       5
       4       8       3       5       5       1       4       5       7       3
       4       2       4       3       3       6       2       3       3       3
       4       3       4       2       1       3       2       5       4       4
       4       3       4       6       1       4       4       1       3       2
       4       2       2       6       2       3       1       2       2       1
       3       3       4       5       0       3       3       3       4       2
       2       2       1       3       4       5       2       3       3       3
       6       3       5       2       6       5       3       2       5       2
       5       1       1       3       2       3       6       4       4       4
       5       5       2       4       3       1       1       1       1       3
       1       2       3       3       0       3       2       3       3       2
       2       4       4       3       4       3       4       0       3       3
       1       3       1       2       2       2       2       1       1       4
       3       3       2       7       9       2       6       2       1       2
       3       2       4       4       0       4       3       3       2       2
       1       2       2       4       2       5       4       2       1       3
       2       2       2       5       8       3       5       1       2       4
       2       2       1       4       1       1       3       2       3       3
       2       2       2       2       2       1       2       2       2       2
       4       4       3       4       7       3       3       4       5       2
       1       1       3       3       2       2       5       3       0       6
       3       4       3       1       0       1       4       3       1       3
       1       2       6       2       3       3       3       5       1       1
       3       1       1       2       1       2       0       4       1       1
       1       3       2       2       3       2       5       2       5       1
       4       3       3       3       4       4       0       4       0       5
       1       1       4       5       2       3       6       2       1       4
       2       5       1       2       0       2       0       2       1       4
       3       1       1       1       6       1       0       2       1       2
       2       2       2       3       2       2       3       1       3       1
       5       1       1       1       1       4       0       4       2       5
       2       1       3       0       1       2       1       1       2       2
       3       1       2       1       3       2       3       2       4       0
       3       1       1       6       5       5       1       3       1       5
       2       1       2       4       0       3       0       2       3       1
       2       2       0       0       1       2       1       3       1       2
       6       5       2       4       4       2       0       0       4       2
       1       2       1       4       1       3       3       0       1       9
       1       2       3       2       0       2       5       1       2       2
       3       1       3       3       3       0       4       2       2       1
       4       0       1       4       1       1       2       2       1       1
       2       0       0       2       7       1       1       1       2       2
       1       0       1       3       4       3       6       1       1       4
       3       2       0       0       6       0       4       1       1       3
       0       6       1       1       1       4       1       2       3       3
       1       1       4       2       2       0       0       1       5       4
       2       2       3       4       0       2       3       2       5       3
       4       2       1       1       1       1       2       3       2       3
       1       0       3       0       3       1       2       2       4       3
       4       2       2       1       3       3       1       2       2       3
       4       4       1       1       4       0       0       6       1       1
       0       5       2       2       1       3       1       2       5       1
       2       4       4       4       1       6       1       1       1       4
       4       0       1       2       2       6       1       2       1       2
       2       4       2       6       1       1       2       0       5       3
       2       0       0       1       1       0       1       3       2       0
       3       3       2       1       3       0       4       3       3       3
       1       1       2       3       2       3       3       1       0       4
       2       4       0       6       0       4       1       2       3       3
       2       2       6       4       1       4       4       8       1       0
       2       1       1       3       2       2       4       1       6       1
       2       3       5       3       1       1       2       5       4       1
       1       4       2       3       1       1       5       0       3       3
       2       3       3       2       0       2       4       2       4       2
       2       6       3       5       4       4       3       1       3       0
       2       3       3       3       2       0       2       4       4       0
       1       4       0       5       4       5       1       3       2       3
       1       3       1       1       3       1       2       1       1       6
       1       1       0       2       2       0       2       1       1       3
       3       1       2       8       5       3       2       1       3       6
      12      17      40      55      73      94     102     124     123      77
      51      34      21      13       8       4       4       3       5       3
       2       2       4       1       2       5       0       1       4       2
       1       2       3       2       3       0       3       2       2       8
       3       1       1       2       0       1       1       4       3       2
       1       2       1       4       4       1       1       2       6       3
       2       5       1       2       4       4       0       2       5       1
       1       3       0       6       6       1       2       1       1       3
       4       0       1       4       5       2       1       3       2       1
       3       1       2       2       2       7       3       7       4       2
       2       3       1       1       2       5       3       2       2       3
       3       2       5       3       3       1       3       3       1       3
       5       4       2       2       2       3       0       1       3       2
       2       2       3       5       1       1       1       2       3       5
       7       4       3       1       0       2       1       1       3       2
       5       1       1       3       4       3       2       3       0       5
       1       1       0       4       4       3       5       0       2       1
       0       1       1       1       4       3       4       1       5       5
       4       3       2       3       3       2       3       3       1       2
       0       4       2       3       2       1       2       2       3       1
       3       3       5       5       1       5       4       0       0       4
       2       1       2       3       1       3       5       3       5       4
       1       3       5       3       2       1       3       5       3       4
       2       4       3       5       1       3       3       4       5       4
       1       1       2       1       1       2       4       3       4       2
       4       2       2       3       1       1       6       3       3       1
       0       2       0       3       3       3       2       2       2       2
       5       2       4       3       1       4       3       4       1       4
       1       2       0       1       2       1       0       3       1       3
       4       1       1       2       0       1       4       4       2       4
       0       0       1       2       1       2       3       2       2       2
       1       2       5       4       1       0       2       1       1       3
       2       4       1       0       2       5       3       3       2       3
       9       1       1       0       2       2       0       1       4       3
       3       2       3       1       2       1       2       1       2       6
       2       2       4       2       0       3       4       4       1       1
       0       1       2       2       1       0       2       0       1       1
       1       1       0       3       1       2       0       0       0       2
       2       0       1       0       1       0       3       3       2       1
       0       3       3       0       1       2       2       0       1       1
       4       0       0       1       4       3       1       2       1       2
       2       2       5       1       1       0       1       1       2       3
       2       2       1       1       2       0       3       2       2       1
       0       3       0       1       1       0       3       2       1       1
       1       1       0       0       2       1       3       2       1       1
       1       3       0       4       1       1       2       1       1       1
       4       5       3       0       0       2       0       2       0       1
       1       4       2       2       2       2       3       0       1       0
       3       0       1       1       2       1       1       1       2       1
       2       0       1       1       2       0       2       0       2       2
       2       1       1       1       0       2       1       1       1       2
       1       2       1       1       1       0       1       3       1       0
       3       1       1       3       3       1       2       0       1       1
       3       2       0       1       0       0       3       4       0       4
       2       2       3       0       1       3       3       2       0       1
       2       2       2       1       1       3       0       2       2       3
       0       1       2       1       3       0       2       0       1       1
       2       0       2       2       1       1       2       0       1       2
       0       0       2       2       0       1       1       0       0       1
       1       1       0       0       2       1       0       1       1       1
       2       2       1       1       2       0       0       1       1       0
       2       1       1       1       0       0       3       3       1       0
       1       3       1       3       1       3       0       0       1       2
       2       3       0       2       1       0       0       1       0       0
       3       0       0       2       0       3       2       0       0       0
       2       0       2       2       2       1       2       2       1       1
       0       1       1       1       1       2       0       0       2       0
       0       0       1       1       1       3       2       3       1       1
       1       0       2       1       0       1       0       0       0       1
       1       0       2       0       1       1       1       3       1       1
       2       2       1       1       1       2       1       0       0       1
       0       1       0       1       1       1       0       2       1       1
       2       0       1       0       3       0       0       2       2       1
       0       1       3       0       0       1       0       1       0       1
       1       0       0       1       2       1       0       2       0       0
       1       1       3       1       0       1       0       1       1       3
       1       2       0       0       0       1       0       1       1       1
       0       0       1       0       1       1       0       0       1       2
       0       1       1       0       0       0       1       1       0       1
       1       2       0       0       1       1       0       0       1       1
       0       2       1       0       3       1       2       1       2       1
       1       0       0       1       1       0       0       0       0       0
       2       0       1       1       3       0       2       2       0       0
       0       1       1       1       1       0       2       1       0       0
       0       0       1       0       2       1       1       0       0       1
       0       1       1       0       0       1       0       1       0       0
       0       0       2       0       0       0       0       2       0       1
       0       1       3       1       0       1       1       0       2       1
       2       1       1       0       2       1       0       0       0       0
       1       0       1       1       0       1       1       1       0       0
       0       1       1       0       0       0       2       1       2       1
       0       3       0       0       0       0       3       0       0       1
       1       1       0       0       1       2       0       1       1       4
       0       1       1       0       2       1       1       0       0       0
       0       0       1       0       0       0       1       0       0       2
       0       0       0       0       0       1       2       0       0       1
       3       0       1       1       0       2       0       2       1       0
       1       0       0       1       0       1       0       0       0       0
       1       0       1       0       0       1       2       3       1       0
       1       0       1       0       0       1       3       0       0       3
       1       2       0       1       0       1       2       0       0       0
       2       1       0       0       0       1       0       0       1       0
       0       1       0       0       0       0       1       1       1       0
       1       0       1       0       1       0       1       0       0       3
       0       1       1       1       3       1       0       2       0       0
       1       1       0       1       0       0       0       0       1       0
       0       1       1       0       2       0       0       1       0       0
       3       1       2       1       1       0       1       1       0       0
       0       0       0       2       1       0       0       0       0       0
       0       1       0       3       1       1       0       1       1       1
       2       2       0       0       3       0       1       0       1       2
       2       0       0       2       0       1       1       0       0       1
       0       0       0       2       0       1       4       5      12      20
      31      61      75     105     109     129     108      83      60      38
      25      19       6       6       0       0       1       1       0       0
       2       0       0       2       1       0       1       2       0       0
       1       0       1       0       1       0       1       1       0       0
       0       2       1       0       0       0       1       1       1       0
       0       0       1       0       1       1       2       2       2       2
       1       0       1       0       0       1       0       0       1       2
       0       0       1       0       0       1       0       0       0       1
       0       0       0       0       0       0       0       0       0       1
       0       2       0       0       2       0       0       1       2       0
       0       0       3       0       0       1       1       0       0       0
       1       0       0       0       0       1       0       1       1       1
       0       1       1       2       0       0       1       1       0       1
       2       1       1       0       0       0       0       0       1       0
       0       1       0       1       0       0       0       0       0       0
       0       0       0       2       0       2       0       1       0       1
       3       1       2       0       1       1       0       0       0       0
       0       2       2       0       0       1       0       0       0       0
       0       0       0       0       0       1       1       1       0       0
       0       1       3       1       1       0       0       1       3       1
       0       0       1       0       0       0       0       0       0       1
       0       0       0       0       0       0       0       0       0       1
       3       0       0       0       0       2       1       0       1       0
       0       0       0       0       0       1       1       1       1       0
       2       3       1       0       0       1       0       0       4       1
       0       0       0       1       2       1       0       1       0       3
       0       1       0       1       0       0       1       1       0       1
       0       2       0       1       1       1       1       1       0       1
       0       1       0       0       2       0       0       0       0       1
       0       0       0       1       1       2       0       0       0       0
       1       1       0       1       0       2       1       0       0       0
       1       0       0       1       0       0       0       0       0       0
       2       0       1       0       0       1       0       1       1       0
       2       1       0       3       1       1       0       0       1       0
       1       0       0       0       0       1       0       0       1       0
       0       0       1       1       0       0       0       2       0       2
       1       0       2       1       0       1       0       1       0       1
       0       0       0       2       0       0       2       1       1       1
       3       0       1       0       0       1       0       0       0       0
       1       1       0       1       0       0       0       0       0       0
       0       0       1       0       0       0       0       0       1       0
       0       0       1       0       0       0       1       1       1       1
       0       0       1       0       1       2       0       0       0       2
       1       2       0       0       2       1       0       0       2       0
       0       1       0       0       0       0       1       0       0       1
       0       0       0       0       0       0       1       0       3       0
       0       0       1       0       2       0       1       0       0       0
       0       0       1       3       1       2       0       1       1       0
       0       0       0       0       2       1       1       1       0       0
       1       0       0       1       0       0       0       1       0       0
       1       0       0       0       0       0       0       1       1       1
       0       0       0       1       0       0       0       2       0       0
       1       1       0       3       0       1       1       0       0       0
       0       2       1       0       0       1       0       0       0       1
       0       2       0       0       0       1       1       0       0       0
       0       0       1       1       0       0       0       1       1       0
       0       0       1       0       1       0       0       1       0       0
       0       1       1       1       1       0       1       2       0       1
       0       0       1       0       0       1       2       0       0       2
       0       0       0       0       1       2       1       0       2       0
       0       1       0       0       1       1       0       0       0       1
       0       0       0       0       0       1       0       1       1       0
       1       0       0       0       1       0       1       1       0       1
       0       0       1       0       0       1       2       0       0       0
       0       0       0       3       0       0       0       0       1       1
       0       0       1       0       0       0       0       0       1       0
       0       0       0       1       0       2       0       0       1       0
       0       1       0       0       0       0       0       0       0       0
       0       1       0       0       0       2       0       3       2       2
       1       0       1       0       0       0       0       0       1       1
       0       0       0       0       1       0       2       0       1       0
       2       1       0       2       1       1       0       0       0       2
       2       1       0       0       0       0       1       0       0       2
       0       0       0       0       0       0       1       0       0       0
       1       2       0       2       0       0       0       0       0       0
       0       0       1       0       0       0       0       0       1       0
       0       0       2       1       0       0       1       1       1       1
       0       0       0       1       1       1       0       1       2       0
       0       0       1       0       2       0       0       0       0       1
       0       1       1       1       0       1       1       0       1       2
       0       2       0       2       0       0       0       1       0       0
       1       0       0       1       0       0       1       0       0       0
       0       1       0       1       1       0       0       2       1       0
       0       1       1       1       1       0       0       0       0       0
       1       0       1       1       1       0       0       1       0       0
       1       3       1       1       1       0       0       0       0       1
       0       0       1       0       0       0       2       1       1       1
       2       1       0       0       0       0       0       1       1       2
       0       2       1       1       0       1       2       0       0       1
       1       1       0       1       1       0       1       2       0       1
       1       0       0       1       0       0       0       0       0       0
       0       1       1       0       0       1       2       3       0       2
       0       0       0       2       1       2       0       0       0       2
       1       1       0       0       1       1       0       0       1       1
       0       0       0       2       1       0       1       0       0       0
       1       0       0       0       1       0       0       2       0       0
       0       1       0       1       0       0       0       0       0       1
       2       0       1       0       1       1       0       1       0       1
       0       0       0       0       1       0       1       1       0       0
       0       0       0       0       2       0       1       1       1       0
       0       0       0       1       0       1       1       0       0       0
       0       0       0       0       0       1       0       1       1       0
       0       0       0       2       0       2       1       0       0       0
       0       0       1       0       0       0       1       2       0       0
       0       2       0       0       1       0       0       2       0       1
       0       0       0       0       1       0       1       0       1       0
       1       0       0       0       0       0       0       0       1       0
       0       0       0       0       1       0       0       2       0       0
       0       0       1       2       0       0       2       0       0       0
       0       0       0       0       0       1       0       0       0       0
       0       0       0       1       2       0       0       0       0       0
       0       0       0       1       0       0       0       0       1       0
       1       0       0       1       0       0       0       0       0       0
       1       1       1       0       0       0       1       0       0       0
       0       1       1       0       0       0       0       2       1       1
       0       1       0       0       1       0       0       0       0       2
       0       1       1       0       1       0       0       1       0       1
       0       0       0       1       0       1       0       2       0       0
       0       0       0       0       1       0       1       0       1       0
       1       0       0       0       0       0       0       1       0       0
       0       0       1       1       0       2       0       0       0       0
       0       1       2       0       0       1       0       0       1       1
       1       0       0       1       0       0       0       0       0       0
       2       0       0       1       0       0       0       0       1       1
       0       1       0       0       1       0       0       1       0       0
       0       0       0       0       0       0       0       2       1       0
       1       0       0       0       0       0       0       0       0       2
       0       1       0       0       0       0       0       0       0       0
       0       0       0       1       0       0       0       0       0       0
       1       1       1       2       0       0       0       0       0       1
       0       0       1       0       1       0       0       1       1       0
       1       1       1       0       0       0       0       0       0       0
       1       0       0       0       0       0       0       1       0       1
       0       0       0       0       2       0       0       0       0       0
       2       1       0       0       1       0       0       0       0       0
       1       1       1       1       0       0       0       0       0       0
       1       0       0       0       1       0       0       2       0       0
       0       0       1       0       1       0       1       0       1       1
       0       0       0       0       0       0       0       0       0       1
       1       0       0       1       0       0       3       0       0       0
       0       2       1       0       0       0       0       0       0       2
       1       2       1       2       0       0       1       1       1       0
       0       0       0       0       0       0       0       0       0       1
       1       0       0       0       0       0       0       0       0       0
       0       1       0       0       0       0       1       0       0       0
       0       1       0       0       0       0       2       1       2       1
       3       3       7       5       3       8       7       3       9       3
       1       3       0       0       0       1       1       2       0       2
       0       0       2       0       1       1       0       1       1       0
       1       0       0       0       0       0       0       1       0       1
       0       1       0       2       2       0       1       0       0       0
       0       1       3       1       0       0       1       1       2       0
       1       0       0       1       0       2       0       0       0       1
       1       0       1       1       0       1       0       0       0       1
       1       1       0       0       0       0       0       0       0       0
       0       1       0       1       3       1       1       0       0       0
       1       1       0       0       0       0       1       1       2       0
       0       0       2       2       0       0       1       0       0       1
       1       1       0       2       0       2       0       1       0       0
       4       1       2       1       2       0       1       1       1       2
       1       0       0       0       0       0       1       1       0       1
       2       2       0       1       1       0       0       1       2       1
       1       1       0       2       1       1       0       2       0       0
       2       0       0       1       0       0       1       2       0       0
       2       0       1       1       0       2       0       0       0       0
       2       0       1       0       1       0       0       1       1       1
       0       2       0       0       1       0       0       1       0       3
       1       0       0       0       0       1       1       0       0       1
       0       0       1       1       0       0       0       1       0       1
       1       0       0       1       1       0       1       1       1       0
       0       0       1       1       0       0       1       0       1       2
       0       0       2       0       0       0       3       1       0       0
       0       0       0       2       1       2       1       0       1       0
       0       1       0       1       0       0       0       2       0       1
       2       0       1       1       0       2       1       1       2       0
       0       0       1       0       0       0       0       0       1       0
       0       2       1       0       1       0       0       0       1       0
       0       1       0       0       1       1       2       0       0       1
       1       1       1       0       1       0       0       0       0       0
       1       0       0       2       0       1       1       1       0       0
       1       0       0       0       0       1       1       0       0       0
       0       0       0       1       1       0       0       1       1       1
       0       1       1       0       1       0       1       2       2       0
       0       1       0       0       0       0       0       0       2       0
       0       0       0       0       0       1       0       0       1       0
       0       0       2       0       1       1       2       2       2       0
       2       1       0       0       0       3       0       1       1       1
       0       0       0       0       0       0       1       0       1       0
       0       0       0       1       0       1       0       0       1       0
       0       1       0       3       0       0       3       0       0       2
       0       0       0       0       0       0       1       0       0       1
       0       1       1       1       1       0       0       4       0       0
       1       0       0       2       0       2       0       2       2       0
       2       0       0       2       0       0       0       0       1       1
       0       0       2       1       0       0       0       2       2       1
       0       0       0       0       1       1       2       3       1       0
       0       0       0       1       0       0       1       0       0       0
       1       0       2       2       0       1       1       1       1       1
       2       0       1       1       0       0       0       1       0       1
       0       0       0       0       0       0       0       1       2       0
       2       1       1       1       0       0       0       0       0       0
       2       0       0       1       1       0       0       0       1       0
       0       0       0       0       1       1       0       0       2       0
       0       0       0       0       0       0       1       0       0       2
       0       1       0       1       0       1       0       2       0       1
       0       0       0       0       0       1       0       1       1       0
       0       0       2       0       1       0       0       2       1       0
       0       0       3       0       0       0       0       0       0       1
       1       0       2       0       1       1       1       0       0       0
       0       0       2       0       1       0       0       0       1       3
       0       1       1       0       1       1       1       6       0       1
       0       0       1       0       1       0       0       0       0       1
       0       1       0       0       0       1       1       0       0       0
       0       1       1       1       0       1       2       0       1       0
       1       2       0       0       0       0       0       0       0       0
       1       2       0       1       1       0       1       1       0       1
       0       0       1       0       1       0       0       1       2       1
       1       1       0       1       0       1       0       0       0       0
       2       0       0       0       2       1       2       1       3       0
       0       0       0       0       0       1       1       0       0       1
       0       1       1       0       0       1       0       0       0       0
       0       0       0       0       0       2       0       2       1       1
       0       0       1       0       0       1       0       0       0       0
       2       0       0       1       0       1       0       0       0       0
       1       0       2       0       0       1       1       3       0       0
       1       0       0       0       0       0       2       2       0       3
       1       0       0       0       2       0       1       1       1       0
       0       0       0       0       0       1       0       0       0       0
       0       1       2       1       0       0       0       0       1       0
       1       3       1       0       0       0       0       1       0       1
       2       0       0       0       1       0       0       0       0       0
       0       0       1       1       2       0       0       1       0       0
       0       2       0       0       1       0       0       0       0       0
       0       0       3       0       2       0       0       1       2       0
       0       0       0       0       0       1       2       2       0       1
       1       2       1       0       2       2       1       0       0       0
       1       0       0       3       0       0       1       0       1       1
       0       1       0       0       2       0       0       0       0       0
       0       1       1       1       0       0       0       2       0       1
       0       0       1       0       1       1       0       1       1       2
       1       1       0       2       0       0       0       0       1       0
       1       0       0       0       0       1       1       0       0       3
       1       0       0       1       0       2       2       1       1       0
       0       1       2       0       1       1       0       0       0       1
       0       2       2       0       0       2       0       0       1       2
       2       0       2       0       3       0       1       0       0       0
       0       3       1       2       0       0       0       1       0       0
       0       0       0       1       0       1       1       1       0       0
       1       0       1       1       0       0       0       0       1       2
       0       0       0       1       0       0       0       1       2       1
       0       1       1       0       2       0       1       0       1       2
       0       0       0       1       0       0       1       0       0       0
       0       0       0       0       2       0       0       0       0       2
       1       1       0       0       1       1       0       0       2       2
       0       0       0       1       1       1       2       0       1       0
       0       0       0       1       1       0       2       0       0       0
       1       0       1       1       1       0       1       0       0       1
       0       0       2       0       0       0       0       0       1       0
       0       0       1       2       1       0       0       0       0       2
       0       1       1       1       0       0       0       0       0       1
       1       2       0       0       1       1       1       0       0       0
       0       1       1       2       0       0       0       1       1       1
       0       1       2       2       0       2       0       1       1       2
       0       1       0       0       1       0       1       1       0       1
       0       0       0       3       0       1       0       0       1       0
       0       1       0       1       0       0       2       0       0       1
       0       2       0       0       0       0       0       0       1       0
       1       0       0       2       2       1       0       0       0       0
       0       0       0       0       3       0       1       1       1       1
       2       0       0       0       0       0       0       0       2       0
       1       0       0       0       1       1       1       0       0       0
       1       0       1       1       0       1       1       0       0       0
       0       0
