$MEAS_TIM:
    900     955
$DATE_MEA:
10-05-2070  10:43:14
$MCA_CAL:
 2
 0.000000e+000 1.000000e+000
$DATA:
       0     8191
      15      35     570     817     850     845     849     794     757     798
     751     762     739     743     787     752     759     759     769     769
     768     767     705     764     738     746     731     792     766     749
     729     731     753     748     766     711     763     768     712     738
     796     690     751     714     719     753     727     734     723     731
     709     747     720     727     729     709     702     725     700     674
     725     695     673     752     698     687     708     654     716     704
     712     772     714     627     675     675     723     742     684     670
     665     691     694     706     719     738     667     680     730     701
     726     683     693     707     743     705     689     755     706     749
     710     727     745     729     736     711     751     762     763     727
     790     693     712     734     763     736     724     731     722     764
     788     754     802     787     730     796     791     743     753     722
     739     780     815     718     803     796     768     801     811     761
     831     743     825     757     783     756     741     824     801     804
     827     792     790     797     756     784     763     813     751     797
     809     805     801     886     826     840     776     783     777     779
     858     803     853     821     829     819     835     784     799     842
     789     784     747     828     807     776     803     812     836     837
     807     809     870     832     839     960     852     905     824     850
     802     835     828     868     982     942     867     953     947    1000
    1026    1016     962     917     858     816     855     757     859     838
     792     839     778     855     912     854     862     843     861     809
     781     801     788     789     820     827     805     764     798     869
     886     902     910     812     782     718     787     806     777     815
     841     789     793     768     795     785     826     784     819     777
     797     833     779     839     762     773     805     824     830     779
     818     773     785     803     807     766     786     808     811     850
     852     810     776     795     820     750     814     775     804     737
     783     798     769     758     822     805     788     817     815     792
     783     756     788     820     743     799     895     777     815     783
     764     788     793     808     781     790     850     807     773     793
     800     751     774     753     830     767     768     786     756     803
     791     738     798     782     833     822     722     794     813     868
     761     816     785     787     815     771     761     719     778     782
     764     826     757     811     785     791     742     715     753     747
     735     769     817     776     769     739     818     803     755     733
     762     733     803     759     807     797     744     798     804     746
     785     815     801     730     744     767     722     809     754     775
     731     723     786     724     792     783     806     786     751     736
     762     777     746     777     771     762     788     808     735     749
     751     779     728     755     804     770     740     774     722     727
     748     786     743     754     754     782     855     853     917     883
     833     840     754     720     773     755     756     753     743     774
     804     752     802     745     751     782     734     775     788     792
     773     772     790     747     788     736     800     764     719     768
     807     768     755     818     774     811     781     814     796     772
     818     738     778     793     794     751     759     763     764     762
     792     766     790     802     775     720     793     746     777     725
     770     791     779     730     794     780     713     735     787     767
     750     794     742     742     743     763     731     793     786     717
     833    1083    1245    1501    1510    1402    1055     879     805     774
     759     730     722     757     752     858     836     874     835     820
     778     803     774     771     667     763     730     745     724     728
     749     748     724     799     748     737     768     730     739     792
     729     808     703     738     786     718     706     709     772     716
     748     741     761     715     785     713     662     693     725     680
     655     708     708     738     679     719     694     718     739     731
     746     747     713     754     709     696     696     726     708     684
     700     698     711     711     695     737     751     726     717     703
     712     731     735     680     742     716     666     727     740     726
     742     728     748     697     709     710     655     704     695     764
     741     674     705     704     701     719     726     702     690     679
     693     705     681     723     685     700     703     728     686     696
     683     693     697     685     671     706     671     759     744     739
     684     677     671     698     677     673     694     688     746     656
     667     662     700     703     708     707     723     700     684     725
     673     697     687     693     705     631     719     703     668     725
     714     676     697     703     731     733     706     691     705     679
     777     763     708     723     723     667     714     667     692     689
     717     722     725     710     700     721     733     696     714     755
     753     771     786     715     749     749     828     761     727     758
     759     771     758     765     786     834     812     803     853     795
     733     795     777     819     879     815     838     839     815     875
     815     896     871     866     871     904     851     883     886     882
     872     910     883     926     863     900     895     917     908     894
     892     928     918     846     888     870     862     922     937     871
     910     859     897     890     824     872     859     789     914     886
     832     835     860     847     822     826     859     841     816     840
     861     854     826     811     801     816     811     799     888     852
     803     833     820     802     834     828     823     807     781     815
     847     768     776     833     832     810     826     829     804     804
     770     813     844     778     756     816     754     748     774     801
     837     780     760     778     811     748     734     789     754     756
     806     803     767     842     777     797     793     766     805     872
     747     806     734     780     820     788     857     909     932     996
     908     857     769     787     710     737     802     809     735     761
     808     804     773     814     727     738     775     783     741     726
     757     737     795     734     736     736     728     741     738     770
     801     734     753     759     750     724     763     751     758     708
     685     713     762     793     724     698     791     763     738     698
     764     715     743     724     698     733     711     750     705     713
     747     712     752     756     744     740     774     759     718     711
     715     704     736     760     694     712     679     757     734     684
     714     690     653     730     672     718     731     723     707     696
     654     681     663     680     665     726     646     668     705     676
     667     693     694     705     675     684     652     679     724     681
     638     617     641     601     702     632     671     595     659     616
     733     680     631     670     651     612     675     679     689     646
     634     592     644     630     637     614     689     826    1024    1324
    1575    1558    1423    1138     796     757     670     633     626     597
     608     658     636     619     627     666     661     626     570     607
     601     628     631     620     610     642     638     615     663     604
     612     652     626     596     626     595     633     591     656     627
     623     556     597     567     606     556     556     585     585     608
     601     625     583     573     559     571     572     568     542     581
     622     591     601     640     615     556     600     594     561     598
     620     657     703     818     710     752     658     585     611     571
     564     594     592     629     583     552     583     605     545     595
     597     553     574     556     542     555     576     560     558     566
     593     553     559     550     593     598     571     530     614     542
     535     566     539     568     520     574     517     565     517     579
     532     534     561     540     562     584     534     607     556     553
     582     533     542     510     563     551     554     511     522     584
     491     576     564     530     518     532     564     509     528     547
     550     581     573     543     521     513     557     558     563     611
     553     569     548     611     552     562     557     536     517     559
     547     526     555     551     532     562     576     534     542     517
     545     567     546     523     502     520     548     551     512     522
     540     555     509     535     538     543     573     533     521     530
     562     545     509     504     566     528     516     527     516     492
     490     559     564     500     491     508     554     513     506     529
     513     486     557     518     498     499     504     515     495     517
     492     530     486     536     542     511     560     490     509     489
     488     547     511     533     511     542     527     490     493     531
     541     494     510     522     529     520     504     517     524     546
     506     530     529     543     537     560     525     517     538     540
     514     498     493     518     496     519     538     483     487     498
     526     448     480     500     470     538     506     518     546     475
     493     490     463     544     484     501     493     525     483     483
     467     510     544     504     490     540     527     572     562     527
     513     504     477     481     493     487     507     508     496     535
     471     486     543     468     501     472     473     475     482     471
     496     477     480     457     523     480     484     452     432     457
     462     451     452     485     419     500     472     443     472     467
     482     487     504     500     467     465     497     532     518     558
     579     497     474     529     520     507     539     538     575     561
     556     576     458     471     481     482     471     473     433     509
     489     464     506     504     470     477     485     474     485     493
     454     450     448     484     491     483     465     458     480     459
     467     496     558     627     903    1123    1509    1589    1380    1118
     855     632     521     509     463     420     455     458     466     458
     484     455     460     482     469     499     470     486     458     480
     467     432     497     452     485     509     478     438     481     487
     492     508     471     483     466     457     404     450     508     441
     475     510     486     492     492     525     490     507     445     504
     481     507     465     442     476     465     475     443     414     443
     447     459     502     455     427     436     475     463     488     489
     471     475     474     474     476     468     454     434     473     431
     429     450     437     495     469     462     461     497     480     502
     452     472     472     464     467     437     457     499     446     457
     430     449     480     476     503     476     494     483     450     466
     463     466     501     421     506     445     448     501     483     453
     465     447     462     513     527     484     477     455     473     471
     425     433     455     447     484     475     463     501     439     481
     457     498     450     453     455     519     478     462     476     451
     474     481     461     456     445     450     457     486     524     477
     480     485     481     486     465     500     511     443     444     447
     442     511     498     497     504     527     553     583     601     599
     573     495     516     511     437     494     491     466     449     491
     501     465     446     489     491     521     519     519     507     470
     488     479     505     481     531     487     493     497     548     544
     508     501     452     536     502     536     490     451     465     501
     491     503     533     524     525     525     528     482     460     497
     468     473     489     501     523     532     478     483     463     518
     510     515     484     507     488     494     514     544     519     532
     508     486     486     502     515     534     521     492     537     455
     535     530     502     533     524     523     541     505     476     530
     502     530     535     506     544     496     536     539     531     516
     512     518     516     506     545     520     551     523     514     499
     523     529     532     523     552     544     560     545     562     575
     535     562     544     505     494     554     511     582     554     556
     575     548     538     518     518     561     556     517     509     570
     522     536     578     535     518     562     541     531     551     566
     561     547     545     547     557     575     539     542     555     556
     559     585     569     556     546     549     517     590     566     588
     573     582     568     545     545     571     543     597     598     575
     587     579     608     593     605     558     611     584     565     547
     556     591     626     574     576     567     568     559     558     602
     630     565     580     593     598     606     595     617     566     589
     609     545     567     617     639     613     578     613     579     585
     588     581     593     617     613     590     669     608     579     645
     607     605     614     637     582     642     602     660     612     636
     606     615     681     667     610     593     615     594     637     638
     596     562     636     614     618     628     621     585     603     643
     602     642     619     620     616     658     629     631     635     631
     621     623     618     582     652     599     571     622     620     601
     657     618     569     614     617     562     602     528     617     605
     568     619     598     578     527     582     564     566     555     546
     502     483     500     519     529     511     521     516     520     533
     484     522     554     496     556     568     491     544     530     510
     606     585     629     745     809     857     877     729     693     581
     556     510     471     483     447     495     503     480     472     428
     509     484     461     469     454     473     454     458     457     471
     482     434     486     467     493     479     467     481     468     466
     490     480     496     481     450     505     466     485     483     480
     450     466     490     499     480     477     481     469     477     487
     452     448     472     441     459     461     499     460     479     430
     476     514     456     484     458     475     467     483     473     475
     462     476     477     505     495     485     452     468     495     478
     501     448     481     486     446     482     448     477     485     467
     494     507     499     565     806    1092    1624    1922    2229    2056
    1699    1206     850     623     533     532     541     544     501     529
     558     512     525     531     515     492     521     547     552     577
     621     652     705     636     569     523     504     495     486     467
     502     479     521     457     457     537     449     509     479     472
     534     476     435     478     488     438     442     465     506     508
     517     501     483     475     493     542     515     473     502     520
     465     472     462     472     483     482     518     472     469     501
     503     490     474     470     496     487     468     451     489     478
     495     511     493     469     500     438     463     527     477     511
     497     512     468     538     513     453     486     492     498     458
     465     493     500     488     462     501     479     456     450     450
     460     466     490     492     452     502     440     452     479     459
     479     494     444     443     463     469     487     458     483     461
     467     493     457     477     448     484     473     474     481     476
     451     458     459     487     462     471     464     421     436     473
     445     431     465     466     486     459     448     432     476     463
     468     435     447     445     466     468     424     419     469     410
     449     437     461     433     447     418     394     374     399     414
     412     357     378     414     385     377     378     361     352     352
     364     339     367     344     345     353     344     342     332     360
     337     323     331     328     338     321     314     287     330     325
     331     327     326     316     328     314     322     278     279     319
     344     296     306     283     286     292     293     303     319     293
     282     253     285     319     286     278     268     274     249     259
     265     253     271     268     234     258     270     236     258     244
     261     231     244     254     233     270     254     251     243     232
     236     236     223     268     230     249     231     235     234     219
     229     243     234     225     221     243     220     241     212     253
     222     224     220     226     213     188     217     214     218     205
     202     224     219     220     231     197     222     194     210     199
     196     198     221     213     208     217     211     199     177     192
     197     198     181     204     180     203     187     211     197     197
     197     202     186     208     194     183     211     197     192     212
     192     222     176     172     195     194     177     192     201     193
     196     204     191     195     183     182     157     207     178     192
     176     180     156     172     162     181     183     179     195     177
     177     158     168     173     162     176     181     176     172     155
     188     198     178     171     234     302     367     441     490     538
     469     362     283     231     178     185     172     178     172     168
     179     159     168     157     186     141     146     143     179     144
     166     141     160     159     152     167     156     167     166     134
     156     166     138     152     156     158     116     115     139     146
     154     142     136     139     163     135     137     136     134     121
     152     123     135     134     139     132     123     119     139     131
     141     133     134     133     125     138     116     117     119     110
     113     115     132     124     109     122     130     130     106     105
     110     103     114     119     136     107     123     106     111     123
     106     136     111     110      94      88      86     104      92     117
     109      92     107     100     109      93     126     112     106     107
     102     103     111      94      98      90     107      80      96      89
     108      99      89      99      99      94      75      96      87      86
      96     107      99      95     106      93      95      74      82      83
      81      88      86     108      86      79      72      71      87      87
      69      81      83      88      90      76      69      90      68      87
      89      88      67      79      86      72      97      90      99      83
      74      84      83      89      87      70      75      82      77      85
      76      97      77      79      83      91      84      82      83      81
      68      81      90      70      76      81      92      79      85      73
      69      88      80      96      66      75      78      78      82      84
      75      84      72     104     174     462    1224    3106    6600   12116
   18485   23710   25935   23489   17889   11431    6228    2899    1155     414
     153     100      79      65      72      69      68      65      72      80
      57      62      71      64      59      58      58      56      54      49
      71      56      60      76      57      77      54      51      53      89
      64      72      51      54      57      70      60      58      57      72
      53      63      54      61      56      77      66      59      54      52
      50      61      49      55      41      45      42      53      62      50
      53      51      43      57      54      51      52      54      49      51
      48      58      48      62      49      55      67      65      62      49
      47      42      58      48      47      48      57      58      52      65
      46      46      43      56      52      50      47      45      69      64
      54      65      63      63      60      60      65      50      44      56
      48      36      45      46      54      47      50      50      59      79
      77     113     115     123     107      87      69      51      60      48
      43      39      40      50      42      46      47      47      41      52
      36      39      44      39      43      41      50      45      39      50
      44      52      49      57      61      69      64      65      58      55
      46      47      43      29      41      45      28      49      36      56
      89     113     116     214     221     231     217     212     150     106
      94      62      77      49      48      50      43      48      44      52
      40      46      50      34      48      49      55      44      46      37
      41      42      45      36      38      49      36      45      43      43
      43      40      29      45      43      45      43      45      42      40
      45      42      44      36      43      28      38      41      37      39
      46      43      39      48      42      61      51      59      67      49
      52      46      64      56      50      45      48      43      53      62
     114     268     572    1245    2085    3224    4294    4618    4462    3531
    2411    1349     693     303     116      75      55      51      47      43
      31      40      34      56      42      39      32      38      31      40
      49      43      40      41      37      46      30      44      44      46
      34      35      44      44      45      44      39      45      58      39
      50      36      28      44      30      33      34      37      52      35
      42      50      40      42      34      37      38      41      35      38
      38      42      48      46      45      56     104     346     959    2303
    4781    8738   13456   17511   19584   18442   14961   10285    5826    2983
    1281     447     159      73      38      42      44      41      42      54
      37      47      35      33      38      43      35      26      24      41
      35      48      42      38      27      39      39      38      46      39
      28      31      40      33      33      31      40      52      37      50
      85     204     416     958    1729    2993    4356    5154    5523    4936
    3663    2264    1287     624     268      98      57      30      32      30
      30      33      32      26      34      35      33      25      24      25
      26      29      37      27      32      27      30      45      60      94
     180     287     414     574     600     565     480     304     197     138
      64      54      25      46      36      39      34      10      21      29
      19      28      31      22      26      24      24      24      29      27
      37      34      25      30      26      20      23      22      22      18
      17      38      30      23      28      17      29      30      31      29
      23      34      19      26      19      27      25      26      32      27
      24      20      20      30      21      28      31      29      30      30
      18      37      34      27      39      25      23      32      27      28
      23      24      17      29      37      21      21      18      27      32
      26      24      35      25      24      29      31      19      27      26
      27      22      26      32      21      24      34      31      23      28
      29      30      19      28      25      23      27      29      17      25
      21      19      30      34      38      27      31      43      28      25
      19      28      23      20      23      21      21      23      24      25
      16      21      26      23      26      23      30      25      39      22
      35      32      29      32      37      58      63      97     122     129
     142     117      98      78      68      50      35      30      25      29
      22      21      24      19      27      37      15      16      15      22
      19      15      17      22      12      29      24      30      26      22
      20      24      27      24      23      20      25      18      20      27
      22      19      23      30      23      29      23      23      24      19
      30      23      26      18      19      29      16      22      23      24
      19      26      15      23      18      19      22      18      20      23
      20      31      26      22      26      25      19      22      17      19
      27      22      25      17      18      17      17      21      20      19
      31      13      16      37      24      18      23      25      29      39
      46      52      50      56      53      29      32      21      33      14
      25      21      20      23      13      24      18      29      20      29
      23      25      21      24      14      20      16      22      20       9
      18      17      19      14      24      19      21      23      17      20
      26      22      15      17      25      16      21      14       7      13
      23      22      18      23      33      14      15      11      15      21
      18      25      18      26      21      18      28      22      17      14
      17      15      21      23      17      16      19      10      10      24
      15      24      15      14      24      19      14      16      14      15
      16      12      14      12      16      16      18      28      33      63
      65      72      85      80      54      50      36      28      24      26
      30      27      29      27      20      23      19      28      16      32
      22      17      15      20      14      20      11      18      15      17
      20      16      17      17      24      12      21      19      22      21
      16      24      15      19      19      15      21      30      17      18
      24      15      11      14      12      21      13      13      19      15
      18      16      23      18      25      21      14      22      21      20
      16      16      17      17      18      15      15      16      11      10
      17      20      23      16      16      16      17      21      17      17
      19      24      19      22      25      15      19      23      24      12
      14      14      16      18      15      17      16      17      14      15
      13      15      17      17      13      25      11      23      17      22
      17      19      23      17      15      12      22      17      19      15
      20      17      17      15      20      16      15      20      18      16
      12      13      19      13      15      13      21      19      20      14
      18      24      17      22      16      14      27      15      21      21
      13      19      20      29      14      18      23      22      18      19
      11      18      20      22      16      10      11      11      19      20
      15      23      12      18      16      13      18      18      12      19
      15      17      18      14      10      16      18      20      10      10
      13      12      19      18      12      23      20      14      19      12
      28      32      21      19      25      37      62      91      84     122
     114      93      90      69      54      31      28      30      23      18
      19      17      18      16      15      21      18      17      12      17
      17      18      23      16      14      21      17      19      16      22
      16      17       8      19      15      15      16      15      15      12
      18      18      16      17      18      20      16      22      14      20
      26      19      16      18      18      12      17      16      20      13
      13      19      19      20      16      13      13      14      16      17
      11      14       7      15      13      12       9      17      10      10
      14      19      14      14      13      12      18      12      19      15
      19      11      24      10      13      26      13      19      13      16
      16      14      13      11      14      14      16      22       8      11
      16      15      12      18      18      14      14       9      21      14
      17      23      17      14      12       7      17      19      12      16
      11       9      13      15      19      16       7      11      27      13
      16      13       7      12      15      10      10       8      17       9
      12      15      13      12      12      13       8      17      19       7
      18       8      16      15      20      13      15       8      20      13
      16      15      21      10       7      14      13      18      14      11
       7      15      15      14      12      10       9      12      12      15
      10      15      15      19      21      14      17      21      20      15
      11      17      16      12       9      16      13      17       8      17
      22      10      12       6      12      10       8      19      11      14
      17       9      23      16       7       9      13       8      20      11
      12      13       8      10      16      12      15      13      12      10
      15      14      12      17      19      25      30      24      43      49
      59      39      40      28      23      16      20      14      13      10
      12      10       9      13       5       7       8       7      11      13
      18       7      14      11      10       8       8      14       6       9
      10       6      13      14      13      15      13       7      10      13
      12       9      11      13      11      10      11       9      10      17
      20      15       9       4       4       9       5      18      21      11
      14      13      15      12      11      12       9      12      10      10
      13      17      10      11      13      12      14      11      16      14
      12      13      12       9      12       9      14      10      14       9
      12      15      15      13      10      14      18      10       9       5
      17      15      13       7       6       8      12       8      18      12
      14       8       8      15      11      10      12      12      10       9
      13      12      10      11      12      12      12       9       7       8
       9      18       9      12      12       9       9      13       9      12
       9      11       7       9       5      10      14       8      13      18
      12       9      13       7       9      12      11      10      12      12
      12      15      11      10      12      14      12       9       7      14
      13       8      11      12      11      13      12      14       7      14
       9       4      12      17       6      14      11      13      13      11
      11      14      10      18      23      35      67      91     114     144
     157     162     129      92      52      41      31      34      51      76
     126     114     152     192     151      97      89      53      34      21
      16       7       9      10       5       8       8       8       6      11
       8      10       9      11       9       8       6       7      11       9
      14      11       6       7       6      10      11      11       6      14
      12      10      15      15      10      14      10      16       6       7
       6      15       9       8      11      11       8      10      13       7
      11       7       7       9      11      10      12       7      17      11
      14       8      11       5      13      13       9       6       9      10
      14       7       6       8       7       8      15      12       5      10
       8      10       7       6      13       8       9       6       3      10
      11       8      11       8      10       8      10       6      10      10
       8       6       8       3      13       9       7      10       8      11
       6      11      10      10       9       8      10       8      10       6
      10       9      10      11       6      10       4      10       6      10
      10      10       4      11       7       5       8      15      12       7
      16      12       9      12       8       6       6       9       9      10
       7       7      12      14      10      16       8       5      10       8
       8      16       5       7      10      10       9       9       9      11
       6       6      11      12      10       9       4      10      14       7
      13       7      13      10       8       8       4       5       8       6
       8       5       8       6       9      12       9      13       9       6
      16       7      10      12      14       6       5       5       9       5
       4       8       3      11       4       5       8      13       8       7
      11      14       9      10       6      10       4       3       6      13
      11       9       9       5       4       5       4      15       7       6
       3       6       9      10       9       9       8       4       8       8
      14       4      10       8       6       4       8       4      12       6
       6       3       8       6       9      13       8       8      14       9
       9       6       5       7       8      10       8       8       6       3
       3       6       6       8      11      10      10       9       8       8
       6       4      11      10      15       5      15       6       5      11
       9       6      10       5       8       7       6       6       3       4
       7       7       6       8       7       6       5       6      11       7
      11       1       6       9      10       8       9       6       4      11
       8       6       4      13      12      12      25      14      18      21
      15      16      10      12      10       6       6      10       5       6
       5       9       9      10       9       6       5      13      13      10
       7      15      17      20      21      12       9       6      15       7
       8       8      12       3       6      13       8       5      10      10
      12       7       6      15       5       9       3       5      10       7
       9      11       6       4       5       5      10      10       9       6
       5       6       5       8       8       9       6      11       8       6
       7       4       4       9      10       6       3      11       1       8
       8       9       9       8       8      10       4       4       5       5
       6       6       6      11      12      12       9       6       8       6
       5       6       3       9       8       4      10       7       5       8
       8      10       7       7       9       5       4       6       9       6
      11       7       0       5       8       4       4       7       8      11
       2       7       7       9       5       5       9       7      12       4
       5      21      20      40      70     131     167     259     270     298
     278     231     193     131      59      34      12      15       6       4
       7       0       7       6      11       4       8       7       4       1
       8       4       6       4       4       9       3       6       7       5
      14       4       5       5       5       4       4       3       5       3
       4       8       7       5       7       5       3       2       4       2
       9       3       5       4       3       2       7       3       6       6
       5       4       5       4       8       6       9       6       5       6
       7      11      12       7       7      10       3       4       9       9
       2       7       7       4       7       3       4       2       8       4
       6       5       4       1       2       4       4      10       7       3
       4       9       5       7       5       3       6       4       3       2
       3       4       4       4       7       4       4       0       3       8
       3       3       8       5       1       4       7       4       6       6
       6       5       7       8       4       2       3       1       3       5
       7       5       2       9       9       2      10       4       3       5
       4       5       5       2       7       8       3       4       1       6
       9       2       7       7       9       4       3       3       7       1
       3       6       4       3       8       5       8       5       1       5
       7       6       6       4       7       6       3       3       8       4
       8       5       2       5       4       5       6       4       4       0
       5       4       4       3       8       0       3       4       3       5
       4       7      12       3       7       6       4      10      11       4
       8       6       5       6       6       5       5       5       5       5
       3       2       4       1       8       4       7       4       6       3
       2       6       4       3       5       3       6       3       4       8
       4       6       3       6       2       5       4       8       6       3
       7       4       3       3       9       3       9       2       6       5
       3       4       6       7       4       2       5       2       2       1
       7       4       0       3       4       7       4       5       1       4
       7       4       4       6       5       8       4       2       4       3
       2       2       3       9       7       3       4       5       1       2
       6       6       2       5       5       2       4       3       4       0
       4       2       3       4       4       4       4       2       7       6
       5       4      10       4       7       5       5       6       3       4
       3       7       5       1       2       7       5       5       3       3
       4       5       4       6       8       6       4       6       6       3
       2       2       3       5       5       4       3       5       4       6
       6       7       2       6       4       5       4       3       3       5
       4       1       2       1       3       5       5       2       3       7
       5       4       4       3       3       2       3       3       6       8
       3       5       3       3       0       6       2       4       1       4
       6       2       3       2       1       2       3       2       5       7
       1       3       5       2       8       5       3       5       5       1
       1       4       2       5       5       2       1       3       4       1
       3       7       4       6       2       6       2       7       4       4
       5       4       2       6       2       2       4       6       3       7
       5       2       4       6       1       6       3       5       4       2
       4       4       3       4       4       4       7       8      10       6
      14      19      21      19      14      15      10       5       2       9
       7       4       4       2       3       3       2       4       7       5
       2       0       1       2       6       8       9      11      23      36
      57      77      91      95      83      82      75      45      36      13
      15       6       6       5       4       3       1       2       4       2
       1       3       1       2       6       2       2       5       5       2
       1       3       2       4       1       2       3       2       1       6
       2       3       1       5       1       3       7       6       5       2
       4       2       0       1       4       6       2       2       3       1
       5       2       3       0       1       3       3       6       2       2
       3       1       2       4       3       2       5       3       6       3
       9       4       2       0       3       3       2       7       6       4
       5       5       7       8       6       5       5       3       2       3
       3       3       6       3       1       0       5       3       4       1
       3       3       4       3       2       4       7       0       3       4
       3       3       3       2       2       3       5       1       0       6
       6       5       2       1       5       3       3       0       3       4
       3       4       2       5       4       2       3       0       3       7
       7       5       3       9       4       6       3       4       6       1
       5       0       2       3       3       3       5       6       6       3
       1       9       4       2       0       3       2       4       3       1
       6       5       2       3       2       2       5       2       0       4
       1       3       0       1       0       3       0       1       2       5
       4       0       5       3       3       3       1       2       1       2
       3       5       2       2       2       4       2       1       3       2
       3       1       3       2       1       2       2       2       4       3
       3       2       4       2       5       2       2       2       5       2
       0       2       2       5       0       1       4       4       0       5
       3       6       2       3       3       2       4       2       1       3
       5       2       4       3       4       4       5       5       3       5
       3       2       4       3       3       0       1       3       3       3
       1       2       1       2       2       3       6       3       4       2
       2       3       4       3       4       0       5       4       1       1
       4       2       4       2       0       3       3       2       4       2
       1       1       5       6       3       2       1       2       2       2
       4       0       3       1       2       6       4       5       4       6
       3       2       3       5       3       4       2       2       2       4
       3       3       4       6       9      27      31      65      77      85
     106      90      92      84      59      36      22      15      12       7
       3       4       4       3       0       3       4       3       6       5
      13      11       6      17      20      22      22      16      17      11
       6       5       5       4       1       2       4       3       2       1
       2       3       4       1       1       2       3       1       1       6
       4       2       2       1       4       3       0       3       3       4
       2       1       4       1       6       3       5       2       3       3
       4       3       2       5       2       2       1       3       1       2
       3       4       0       2       5       1       3       5       1       2
       3       3       5       0       1       1       2       3       5       1
       3       2       2       5       2       8       2       4       2       1
       4       3       3       1       1       0       5       2       4       5
       0       4       4       2       3       3       1       4       5       2
       5       3       2       2       5       2       6       2       3       5
       1       5       3       6       1       2       6       6       2       7
       5       3       3       5       6       1       7       3       5       9
       3       6       4       4       0       3       5       3       1       1
       3       3       5       2       4       2       2       1       2       2
       6       1       4       3       5       4       7       0       2       1
       3       0       1       2       0       1       2       1       4       4
       1       2       2       2       3       1       0       3       6       0
       1       3       2       4       1       4       1       1       0       3
       2       4       1       1       1       0       3       3       3       2
       1       2       0       0       4       1       3       3       1       1
       3       2       1       3       2       2       2       1       2       3
       2       0       3       2       0       1       3       5       2       1
       4       2       0       3       0       0       1       0       2       2
       2       0       1       2       1       1       1       1       4       0
       0       1       2       2       0       1       3       2       1       5
       4       3       1       2       2       1       2       0       5       3
       2       3       2       2       1       2       0       2       6       0
       1       4       0       2       2       1       1       2       1       1
       4       0       1       1       2       5       1       0       0       3
       2       2       3       0       2       2       3       1       1       2
       5       2       6       0       0       4       1       1       2       0
       1       2       0       3       0       2       2       2       0       0
       1       0       1       3       1       2       1       2       1       4
       2       0       1       2       1       4       0       1       4       2
       3       0       3       5       1       3       4       3       2       2
       1       1       6       2       2       5       1       1       4       5
       4       1       0       2       1       2       1       0       0       0
       3       0       1       4       0       3       1       2       2       2
       2       4       5       3       2       0       2       5       3       0
       2       0       4       0       2       0       4       3       3       3
       2       1       2       0       1       3       5       4       2       4
       5       2       3       1       3       1       1       1       3       2
       3       2       4       2       4       0       5       3       2       1
       4       0       1       3       1       5       1       2       1       2
       2       3       1       3       3       2       4       1       2       7
       4       1       3       5       2       1       2       0       6       2
       6       4       3       3       2       1       2       4       3       0
       0       4       2       1       2       3       1       2       3       2
       1       1       3       1       1       2       1       3       4       1
       1       3       1       4       3       2       0       2       2       1
       4       1       5       4       1       2       1       3       1       1
       2       6       3       3       2       2       1       5       1       1
       0       3       3       5       4       4       5       2       5       7
       2       5       2       6       1       1       2       3       3       4
       1       1       4       4       0       2       4       2       1       3
       2       2       2       1       2       1       3       0       2       2
       1       2       5       1       3       2       4       6       4       2
       5       6      11      12       8      16      10      11       7       7
       3       4       2       4       2       3       2       5       5       1
       1       1       3       1       2       1       3       2       4       2
       1       4       1       1       1       0       3       0       1       0
       1       0       2       1       2       3       4       3       1       2
       0       1       0       1       0       0       1       1       1       2
       3       3       6       1       1       4       2       2       1       4
       1       0       3       1       0       2       1       2       3       1
       1       1       2       1       2       3       4       2       2       2
       2       2       2       0       1       1       0       0       1       1
       0       0       2       0       2       0       1       0       5       1
       1       3       1       2       0       0       2       0       4       1
       2       1       2       4       1       3       1       0       2       4
       3       0       2       1       1       2       2       1       0       2
       1       3       0       1       1       2       0       1       2       1
       2       3       1       1       3       2       0       0       2       2
       2       0       3       0       6       3       0       1       0       1
       1       3       0       2       3       4       2       0       0       1
       2       1       1       2       2       0       3       2       2       0
       1       3       3       1       4       3       1       0       1       2
       0       3       4       6       3       3       1       0       4       0
       1       1       0       0       3       2       0       2       1       0
       1       3       0       1       1       0       2       0       6       1
       0       1       3       0       3       0       2       4       0       1
       1       1       3       1       4       1       0       1       0       1
       0       1       1       0       2       3       0       1       0       2
       1       0       0       1       1       0       1       1       2       0
       2       1       0       0       0       2       3       2       3       0
       0       2       2       2       1       1       3       0       0       0
       0       4       1       0       3       3       1       1       0       1
       1       1       1       2       0       1       1       2       0       0
       1       3       0       1       3       1       4       1       2       1
       2       3       2       1       1       1       3       3       2       0
       2       1       4       0       1       3       1       2       1       0
       1       3       0       0       3       0       2       1       2       3
       2       3       1       0       0       2       2       2       2       3
       1       1       2       0       1       1       2       2       0       4
       2       1       1       2       1       1       2       2       0       2
       0       2       1       1       2       0       0       4       1       3
       2       1       2       1       1       0       5       2       0       2
       4       1       1       1       1       0       0       3       2       4
       1       0       1       0       1       1       1       0       1       2
       2       2       2       2       1       2       2       2       1       1
       0       1       0       1       2       0       0       1       0       0
       0       0       0       5       0       0       0       1       0       1
       0       2       0       0       1       0       0       1       1       3
       3       0       2       4       1       4       3       2       0       1
       1       1       0       0       5       3       3       1       1       0
       1       1       1       0       1       0       0       1       1       0
       0       0       1       0       0       2       1       3       0       0
       3       0       0       2       0       2       3       0       2       0
       1       0       0       1       1       1       0       0       0       0
       1       1       2       2       1       0       1       0       0       1
       1       0       0       1       0       1       2       2       1       2
       1       0       1       0       0       2       0       1       1       1
       1       1       1       0       1       1       0       1       1       0
       1       0       0       0       1       1       0       3       0       1
       0       0       1       2       0       1       2       0       1       1
       0       0       0       0       2       0       1       1       0       0
       0       1       0       0       0       2       0       0       4       0
       1       0       0       1       1       1       0       0       0       1
       0       0       0       1       2       1       1       0       0       0
       0       0       2       1       0       1       0       0       1       1
       0       0       0       0       3       0       1       0       0       0
       0       0       0       1       1       1       0       0       0       1
       1       3       0       0       1       1       0       0       0       0
       0       0       2       0       0       0       0       1       3       2
       1       0       1       1       1       1       2       0       0       0
       0       2       0       0       1       0       1       1       0       1
       0       1       0       0       0       1       0       1       0       1
       0       0       0       0       0       0       0       1       1       0
       0       1       0       0       0       2       0       1       0       1
       0       1       0       0       1       0       1       2       0       0
       0       1       1       0       0       0       0       1       1       0
       3       1       0       1       0       2       1       1       1       0
       0       0       1       0       1       0       0       1       2       1
       1       0       0       1       1       0       1       1       0       0
       0       0       1       0       0       0       1       1       0       0
       0       0       2       0       0       1       1       1       1       0
       0       0       0       1       1       1       0       1       1       0
       1       0       0       1       0       2       1       1       1       0
       0       0       1       0       1       0       0       1       1       0
       0       2       0       1       1       1       1       0       0       0
       0       0       0       1       0       0       1       1       0       0
       1       1       0       0       0       1       0       0       0       0
       1       1       0       1       0       0       2       0       0       1
       1       1       0       1       0       0       1       0       0       0
       0       0       2       3       1       2       1       1       3       0
       0       1       0       0       0       0       0       0       0       0
       2       1       0       0       0       1       1       1       2       0
       1       1       2       0       0       0       0       0       2       0
       1       1       1       0       0       0       0       0       0       1
       0       1       0       0       1       1       0       0       1       0
       2       0       0       0       1       1       0       0       0       1
       2       2       9      15      28      39      59      67      74      73
      58      56      43      42      24      20       9       2       1       1
       1       1       0       0       0       0       1       0       1       0
       0       0       0       1       0       0       0       2       0       0
       0       0       1       0       0       0       0       1       0       0
       0       0       1       0       0       0       1       1       0       1
       0       0       0       0       1       1       0       1       0       1
       0       1       0       1       0       0       1       1       0       0
       0       1       0       1       0       0       0       0       1       2
       1       0       0       0       1       1       0       1       0       1
       0       0       0       0       1       0       1       1       0       0
       0       2       0       1       0       0       0       0       0       1
       0       0       0       0       1       0       0       0       0       0
       0       2       1       0       3       0       2       0       1       0
       1       0       0       0       0       0       2       0       0       0
       0       1       0       0       0       0       1       1       0       0
       1       0       0       0       0       0       0       1       0       0
       1       0       0       0       1       1       0       0       0       0
       1       0       0       1       0       0       0       0       0       1
       0       0       1       0       0       1       0       0       0       0
       0       0       1       0       0       0       0       0       0       0
       0       0       0       0       0       0       0       0       2       1
       1       0       0       0       0       0       0       0       1       0
       1       0       0       0       0       1       0       0       0       0
       0       0       0       0       0       1       0       0       0       0
       1       0       0       0       1       0       1       1       0       1
       1       1       0       0       0       0       0       0       1       0
       0       0       1       0       0       1       1       0       0       0
       0       0       1       1       0       0       0       1       0       0
       0       1       1       0       1       0       0       0       0       0
       0       0       0       1       0       1       1       0       0       0
       0       0       0       1       0       0       2       0       1       2
       0       1       0       0       0       0       0       0       1       0
       1       0       0       0       3       0       1       1       0       0
       0       1       1       0       0       0       0       0       1       0
       0       0       0       0       0       0       1       0       0       0
       0       0       2       0       0       0       1       0       0       0
       0       0       1       0       0       0       0       0       0       0
       0       0       0       0       0       1       0       0       0       0
       0       1       0       0       0       0       1       2       0       0
       1       0       0       0       0       0       1       1       3       1
       5       3       7      11      16      31      19      17      14      12
       8       8       7       6       1       0       0       1       0       1
       0       0       0       0       0       0       0       0       0       0
       0       0       0       0       0       1       0       0       0       0
       0       0       0       0       1       0       0       0       0       1
       1       1       0       0       0       0       0       0       0       0
       0       1       2       0       0       0       0       0       0       0
       0       1       1       1       0       0       1       1       1       0
       0       0       0       0       0       0       1       0       0       0
       1       0       0       0       1       0       0       0       1       0
       0       0       0       1       0       0       0       0       0       0
       1       0       1       0       1       0       0       0       0       1
       0       0       0       0       1       0       1       1       0       0
       0       1       1       0       0       1       1       0       0       0
       0       0       1       0       0       0       0       0       0       1
       1       0       0       0       1       0       0       0       0       0
       0       0       1       0       0       1       1       0       0       0
       0       0       0       0       1       0       0       1       0       0
       1       0       0       0       0       0       2       0       0       0
       0       0       1       0       0       0       1       0       0       1
       0       0       0       0       0       0       0       0       0       0
       0       0       0       0       0       0       0       0       0       0
       0       0       0       0       0       1       0       1       0       0
       2       1       0       1       0       0       0       0       0       0
       0       0       1       0       1       0       0       0       0       0
       0       1       0       0       1       0       0       0       1       0
       0       1       1       0       0       0       0       0       1       0
       0       0       0       0       1       3       0       0       0       1
       0       0       0       0       0       0       0       0       0       0
       0       0       0       1       0       0       0       0       0       0
       1       0       0       1       0       0       1       0       2       0
       0       1       0       0       1       0       0       0       0       0
       0       0       0       2       0       1       0       1       0       1
       0       0       0       0       0       0       0       1       0       1
       0       0       0       0       0       0       0       0       0       2
       1       2       1       2       0       0       0       2       0       0
       1       0       0       2       0       0       0       0       0       0
       0       0       1       0       0       0       0       3       0       0
       0       0       1       0       0       0       0       0       0       1
       0       0       0       0       0       0       0       0       0       0
       0       0       0       0       0       0       0       1       0       1
       0       0       0       0       0       0       0       2       0       1
       0       0       1       1       0       0       0       1       0       0
       1       0       0       0       0       0       0       0       1       0
       0       0       0       1       0       0       0       1       0       0
       1       0       0       2       0       0       0       0       0       0
       0       1       0       0       0       1       0       0       1       0
       0       0       0       1       1       0       0       0       0       0
       0       0       0       0       0       1       0       0       0       0
       1       0       1       1       0       0       0       0       0       0
       0       2       0       0       0       0       0       0       0       0
       0       0       0       0       1       1       0       0       0       0
       1       0       0       0       0       0       0       0       0       0
       0       1       0       0       0       0       0       1       0       0
       0       0       0       0       0       0       0       1       0       0
       0       0       0       1       0       0       0       0       0       0
       0       1       1       0       0       0       0       0       0       1
       1       0       0       0       0       1       0       0       1       0
       0       0       0       0       0       0       0       1       0       1
       0       0       0       1       0       0       0       0       0       0
       0       0       1       0       0       0       0       0       0       0
       0       1       0       0       0       0       1       1       0       0
       0       1       0       0       0       1       1       0       0       1
       0       0       0       1       0       0       0       0       0       0
       0       0       0       0       0       0       0       0       0       0
       1       0       0       0       2       0       0       0       1       1
       2       1       0       0       0       2       0       0       0       1
       0       0       0       0       0       0       0       0       0       0
       0       0       0       0       0       1       0       0       0       1
       0       0       0       0       0       0       0       0       0       2
       0       0       0       1       0       1       0       0       0       0
       0       1       0       1       0       0       0       0       1       0
       0       0       0       1       1       0       0       0       1       1
       1       0       0       1       0       1       0       1       1       0
       0       0       0       0       1       0       0       1       1       0
       0       0       0       0       0       0       0       0       0       0
       1       0       0       0       0       0       0       0       0       0
       0       0       0       0       0       0       0       1       0       0
       0       0
