0	0
1	0
2	0
3	0
4	0
5	0
6	0
7	0
8	0
9	0
10	0
11	0
12	0
13	0
14	0
15	0
16	0
17	0
18	0
19	0
20	0
21	0
22	0
23	0
24	0
25	0
26	0
27	0
28	0
29	0
30	0
31	0
32	0
33	0
34	0
35	0
36	0
37	0
38	0
39	0
40	0
41	0
42	0
43	0
44	6
45	56
46	1075
47	11832
48	18266
49	18229
50	17908
51	17643
52	17343
53	16890
54	16600
55	16370
56	16113
57	16223
58	15651
59	15628
60	15336
61	15224
62	14961
63	14691
64	14572
65	14323
66	14136
67	14141
68	13951
69	13493
70	13603
71	13468
72	13202
73	13070
74	13215
75	12741
76	12817
77	12788
78	12562
79	12420
80	12411
81	12231
82	12296
83	11924
84	11909
85	11744
86	11729
87	11586
88	11649
89	11378
90	11319
91	11046
92	11084
93	10892
94	10770
95	10781
96	10589
97	10615
98	10622
99	10373
100	10350
101	10254
102	10309
103	10123
104	10009
105	9912
106	9973
107	9828
108	9705
109	9482
110	9399
111	9435
112	9364
113	9268
114	9265
115	9208
116	9117
117	8957
118	9095
119	9098
120	8896
121	8910
122	8814
123	8764
124	8761
125	8725
126	8540
127	8486
128	8460
129	8245
130	8399
131	8284
132	8347
133	8132
134	8334
135	7992
136	8227
137	8164
138	8089
139	7966
140	7942
141	7809
142	7753
143	7786
144	7650
145	7731
146	7719
147	7674
148	7655
149	7518
150	7556
151	7364
152	7561
153	7428
154	7585
155	7239
156	7357
157	7415
158	7145
159	7170
160	7117
161	7298
162	7290
163	7137
164	7180
165	7135
166	7123
167	7135
168	6886
169	7126
170	7115
171	7045
172	7009
173	7022
174	7028
175	6822
176	6720
177	6984
178	7091
179	7011
180	6882
181	6934
182	7055
183	6951
184	6967
185	6934
186	6941
187	6943
188	6978
189	6944
190	7014
191	7024
192	7004
193	7046
194	7127
195	7062
196	7047
197	7106
198	7194
199	7181
200	7290
201	7263
202	7173
203	7244
204	7363
205	7452
206	7333
207	7250
208	7378
209	7495
210	7446
211	7627
212	7804
213	7679
214	7779
215	7790
216	7896
217	7937
218	7990
219	8005
220	8013
221	8159
222	8063
223	8189
224	8249
225	8270
226	8229
227	8589
228	8463
229	8503
230	8499
231	8502
232	8788
233	8729
234	8770
235	8945
236	8976
237	8976
238	9137
239	9275
240	9184
241	9397
242	9397
243	9524
244	9538
245	9523
246	9805
247	9782
248	9698
249	9971
250	9957
251	10078
252	10146
253	10085
254	10122
255	10221
256	10369
257	10493
258	10629
259	10483
260	10572
261	10577
262	10825
263	10766
264	10966
265	11136
266	11032
267	11148
268	11199
269	11262
270	11465
271	11318
272	11405
273	11515
274	11554
275	11620
276	11825
277	11556
278	12012
279	11852
280	12003
281	11803
282	12016
283	12147
284	12057
285	12288
286	12298
287	12297
288	12288
289	12571
290	12475
291	12487
292	12706
293	12847
294	12804
295	12789
296	13190
297	13213
298	13098
299	12993
300	13063
301	13168
302	13077
303	13423
304	13705
305	13748
306	13885
307	13800
308	13471
309	13257
310	13378
311	13499
312	13486
313	13464
314	13490
315	13576
316	13763
317	13631
318	13755
319	13713
320	13809
321	13770
322	13762
323	13856
324	13810
325	14085
326	13783
327	13718
328	13714
329	13919
330	13810
331	14057
332	14223
333	14038
334	13841
335	13999
336	14208
337	14019
338	14068
339	14154
340	14223
341	14317
342	14232
343	14461
344	14549
345	14482
346	14352
347	14220
348	14265
349	14244
350	14172
351	14200
352	14437
353	14398
354	14339
355	14274
356	14298
357	14270
358	14256
359	14208
360	14354
361	14086
362	14160
363	14489
364	14439
365	14281
366	14606
367	14386
368	14316
369	14143
370	14282
371	14133
372	14183
373	14354
374	14209
375	14329
376	14439
377	14243
378	14449
379	14238
380	14308
381	14168
382	14169
383	14279
384	14351
385	14169
386	14273
387	14250
388	14045
389	14053
390	14272
391	14337
392	14226
393	14394
394	14278
395	14156
396	14199
397	13886
398	14180
399	13895
400	13890
401	14115
402	13883
403	14154
404	13975
405	13780
406	13674
407	13883
408	13931
409	13833
410	13925
411	13770
412	13891
413	13851
414	13909
415	13850
416	13505
417	13697
418	13800
419	13844
420	13856
421	13562
422	13783
423	13547
424	13514
425	13644
426	13668
427	13468
428	13498
429	13463
430	13542
431	13760
432	13398
433	13286
434	13353
435	13285
436	13178
437	13439
438	13289
439	13153
440	13268
441	13435
442	13251
443	13084
444	13147
445	13161
446	13039
447	13007
448	13317
449	13175
450	13060
451	12909
452	12749
453	12829
454	12956
455	12807
456	12739
457	12841
458	12854
459	12843
460	12644
461	12766
462	12624
463	12543
464	12549
465	12499
466	12460
467	12558
468	12542
469	12440
470	12228
471	12458
472	12398
473	12217
474	12219
475	12231
476	12315
477	12246
478	12270
479	12337
480	12119
481	12038
482	12114
483	12200
484	11937
485	11993
486	12294
487	12273
488	12253
489	12267
490	12316
491	12515
492	12116
493	12051
494	12013
495	11698
496	11979
497	11662
498	11415
499	11833
500	11607
501	11548
502	11509
503	11541
504	11496
505	11758
506	11392
507	11404
508	11352
509	11253
510	11410
511	11318
512	11390
513	11248
514	11343
515	11041
516	10965
517	11136
518	10975
519	11227
520	10875
521	10786
522	10967
523	10974
524	10897
525	10709
526	10709
527	10715
528	10694
529	10677
530	10702
531	10597
532	10707
533	10548
534	10590
535	10546
536	10537
537	10654
538	10696
539	10673
540	10324
541	10449
542	10578
543	10318
544	10445
545	10219
546	10422
547	11062
548	11291
549	11627
550	11968
551	11411
552	11365
553	10690
554	10595
555	10218
556	9992
557	10005
558	9900
559	9997
560	9843
561	9730
562	9801
563	9664
564	9824
565	9762
566	9596
567	9781
568	9587
569	9586
570	9692
571	9594
572	9491
573	9502
574	9515
575	9353
576	9428
577	9335
578	9352
579	9265
580	9201
581	9211
582	9213
583	9131
584	9265
585	9297
586	9115
587	9379
588	9497
589	9307
590	9115
591	9239
592	9175
593	9072
594	9069
595	8777
596	8906
597	8886
598	8882
599	8831
600	8927
601	8776
602	8700
603	8685
604	8589
605	8497
606	8542
607	8558
608	8559
609	8496
610	8704
611	8661
612	8524
613	8480
614	8333
615	8475
616	8270
617	8315
618	8283
619	8443
620	8386
621	8230
622	8217
623	8106
624	8107
625	8176
626	8077
627	7978
628	7919
629	8019
630	8082
631	7952
632	7964
633	7811
634	7944
635	8027
636	8048
637	7749
638	7870
639	8111
640	7965
641	8605
642	9025
643	9408
644	9525
645	9401
646	8929
647	8288
648	8002
649	7612
650	7600
651	7347
652	7502
653	7387
654	7434
655	7533
656	7247
657	7395
658	7357
659	7373
660	7291
661	7190
662	7313
663	7192
664	7253
665	7204
666	7162
667	7204
668	6947
669	6958
670	7099
671	7148
672	7090
673	7088
674	6959
675	6941
676	6908
677	7027
678	6970
679	6993
680	6767
681	6883
682	6894
683	6785
684	6908
685	6898
686	6752
687	6666
688	6656
689	6749
690	6602
691	6698
692	6712
693	6530
694	6529
695	6564
696	6580
697	6416
698	6445
699	6410
700	6332
701	6455
702	6471
703	6403
704	6418
705	6375
706	6466
707	6346
708	6486
709	6452
710	6248
711	6400
712	6307
713	6331
714	6218
715	6245
716	6229
717	6271
718	6159
719	6179
720	6138
721	6049
722	5991
723	5949
724	5936
725	6021
726	5993
727	5773
728	6004
729	5957
730	5979
731	6063
732	5869
733	5800
734	5785
735	5812
736	5666
737	5868
738	5852
739	5734
740	5600
741	5799
742	5803
743	5787
744	5748
745	5735
746	5548
747	5655
748	5716
749	5673
750	5616
751	5675
752	5555
753	5615
754	5497
755	5530
756	5555
757	5502
758	5478
759	5334
760	5421
761	5225
762	5370
763	5387
764	5328
765	5263
766	5178
767	5343
768	5241
769	5326
770	5220
771	5252
772	5297
773	5438
774	5309
775	5394
776	5307
777	5399
778	5296
779	5245
780	5117
781	5216
782	5055
783	5100
784	5121
785	5039
786	4990
787	4935
788	5049
789	4890
790	4954
791	4901
792	4957
793	5029
794	4927
795	4913
796	4903
797	4908
798	4809
799	5039
800	4867
801	5000
802	4903
803	4710
804	4863
805	4781
806	4679
807	4684
808	4742
809	4782
810	4662
811	4556
812	4766
813	4596
814	4675
815	4612
816	4558
817	4465
818	4585
819	4686
820	4599
821	4544
822	4595
823	4396
824	4572
825	4602
826	4512
827	4514
828	4442
829	4435
830	4381
831	4520
832	4371
833	4332
834	4370
835	4341
836	4250
837	4407
838	4312
839	4324
840	4286
841	4327
842	4347
843	4266
844	4385
845	4286
846	4210
847	4231
848	4229
849	4318
850	4130
851	4230
852	4190
853	4157
854	4261
855	4187
856	4196
857	3990
858	4228
859	4148
860	4038
861	4068
862	4081
863	4064
864	4227
865	4097
866	4064
867	3937
868	3965
869	4020
870	4005
871	3956
872	3935
873	3941
874	3967
875	3860
876	4028
877	3906
878	3931
879	3929
880	3851
881	3980
882	3879
883	3879
884	3862
885	3876
886	3732
887	3673
888	3797
889	3816
890	3744
891	3658
892	3879
893	3783
894	3763
895	3722
896	3653
897	3742
898	3727
899	3645
900	3654
901	3730
902	3750
903	3699
904	3670
905	3750
906	3551
907	3566
908	3553
909	3538
910	3498
911	3565
912	3517
913	3545
914	3575
915	3542
916	3453
917	3456
918	3460
919	3544
920	3543
921	3470
922	3535
923	3335
924	3508
925	3618
926	3422
927	3346
928	3402
929	3415
930	3392
931	3379
932	3451
933	3321
934	3362
935	3326
936	3254
937	3289
938	3369
939	3244
940	3279
941	3293
942	3306
943	3232
944	3272
945	3209
946	3193
947	3231
948	3265
949	3245
950	3155
951	3192
952	3212
953	3232
954	3248
955	3144
956	3209
957	3176
958	3226
959	3259
960	3317
961	3371
962	3404
963	3380
964	3337
965	3200
966	3086
967	3056
968	3019
969	3183
970	3019
971	3018
972	3149
973	3157
974	3119
975	3018
976	2981
977	2924
978	3071
979	3073
980	2906
981	2962
982	2967
983	2994
984	2867
985	2911
986	2974
987	3050
988	2856
989	2810
990	3011
991	2917
992	2876
993	2827
994	2808
995	2950
996	2792
997	2895
998	2861
999	2786
1000	2893
1001	2801
1002	2734
1003	2813
1004	2830
1005	2764
1006	2820
1007	2781
1008	2696
1009	2692
1010	2801
1011	2712
1012	2552
1013	2639
1014	2756
1015	2615
1016	2719
1017	2675
1018	2737
1019	2688
1020	2568
1021	2670
1022	2745
1023	2728
1024	2679
1025	2762
1026	2701
1027	2724
1028	2705
1029	2621
1030	2555
1031	2692
1032	2642
1033	2584
1034	2564
1035	2556
1036	2684
1037	2532
1038	2511
1039	2607
1040	2562
1041	2534
1042	2522
1043	2630
1044	2569
1045	2450
1046	2502
1047	2447
1048	2557
1049	2503
1050	2531
1051	2515
1052	2556
1053	2472
1054	2476
1055	2527
1056	2463
1057	2367
1058	2392
1059	2320
1060	2411
1061	2517
1062	2635
1063	2809
1064	2946
1065	3278
1066	3435
1067	3506
1068	3341
1069	2961
1070	2808
1071	2648
1072	2450
1073	2418
1074	2329
1075	2322
1076	2336
1077	2282
1078	2263
1079	2306
1080	2251
1081	2252
1082	2264
1083	2265
1084	2253
1085	2323
1086	2313
1087	2280
1088	2323
1089	2266
1090	2323
1091	2227
1092	2280
1093	2215
1094	2227
1095	2292
1096	2127
1097	2224
1098	2236
1099	2281
1100	2243
1101	2160
1102	2243
1103	2234
1104	2243
1105	2199
1106	2180
1107	2177
1108	2113
1109	2132
1110	2185
1111	2133
1112	2185
1113	2136
1114	2226
1115	2197
1116	2117
1117	2101
1118	2122
1119	2133
1120	2130
1121	2283
1122	2257
1123	2371
1124	2412
1125	2509
1126	2693
1127	2666
1128	2523
1129	2432
1130	2213
1131	2104
1132	2130
1133	2022
1134	2016
1135	1987
1136	2099
1137	2008
1138	2038
1139	1996
1140	2038
1141	2022
1142	1978
1143	2008
1144	2013
1145	2047
1146	1965
1147	2003
1148	1949
1149	1983
1150	1999
1151	2064
1152	1939
1153	1865
1154	2007
1155	1993
1156	2043
1157	1986
1158	1921
1159	1974
1160	1922
1161	1863
1162	1978
1163	1952
1164	1876
1165	1887
1166	1907
1167	1855
1168	1922
1169	1884
1170	1866
1171	1911
1172	1798
1173	1900
1174	1925
1175	1842
1176	1792
1177	1844
1178	1789
1179	1856
1180	1842
1181	1871
1182	1810
1183	1823
1184	1871
1185	1819
1186	1805
1187	1883
1188	1841
1189	1948
1190	1829
1191	1876
1192	1816
1193	1838
1194	1829
1195	1827
1196	1793
1197	1752
1198	1751
1199	1761
1200	1705
1201	1769
1202	1728
1203	1782
1204	1850
1205	1749
1206	1691
1207	1808
1208	1771
1209	1782
1210	1785
1211	1852
1212	1735
1213	1707
1214	1597
1215	1676
1216	1734
1217	1687
1218	1718
1219	1693
1220	1664
1221	1627
1222	1711
1223	1726
1224	1718
1225	1715
1226	1672
1227	1740
1228	1670
1229	1693
1230	1667
1231	1639
1232	1758
1233	1634
1234	1660
1235	1649
1236	1667
1237	1663
1238	1607
1239	1601
1240	1626
1241	1541
1242	1617
1243	1644
1244	1601
1245	1566
1246	1601
1247	1537
1248	1540
1249	1482
1250	1558
1251	1567
1252	1535
1253	1568
1254	1677
1255	1624
1256	1629
1257	1598
1258	1601
1259	1560
1260	1524
1261	1515
1262	1545
1263	1603
1264	1641
1265	1533
1266	1531
1267	1522
1268	1588
1269	1573
1270	1594
1271	1577
1272	1477
1273	1450
1274	1536
1275	1529
1276	1595
1277	1519
1278	1568
1279	1492
1280	1441
1281	1483
1282	1465
1283	1524
1284	1519
1285	1539
1286	1596
1287	1596
1288	1691
1289	1657
1290	1720
1291	1621
1292	1569
1293	1494
1294	1455
1295	1457
1296	1385
1297	1470
1298	1432
1299	1427
1300	1426
1301	1481
1302	1478
1303	1443
1304	1436
1305	1426
1306	1365
1307	1365
1308	1374
1309	1465
1310	1375
1311	1440
1312	1385
1313	1404
1314	1407
1315	1409
1316	1383
1317	1406
1318	1363
1319	1384
1320	1415
1321	1457
1322	1373
1323	1427
1324	1378
1325	1462
1326	1394
1327	1422
1328	1356
1329	1414
1330	1419
1331	1436
1332	1342
1333	1284
1334	1410
1335	1318
1336	1324
1337	1331
1338	1280
1339	1294
1340	1326
1341	1322
1342	1328
1343	1302
1344	1322
1345	1323
1346	1268
1347	1300
1348	1249
1349	1340
1350	1292
1351	1292
1352	1303
1353	1283
1354	1257
1355	1276
1356	1314
1357	1204
1358	1310
1359	1282
1360	1368
1361	1319
1362	1364
1363	1327
1364	1314
1365	1311
1366	1315
1367	1248
1368	1257
1369	1286
1370	1178
1371	1298
1372	1268
1373	1348
1374	1283
1375	1220
1376	1245
1377	1222
1378	1274
1379	1207
1380	1268
1381	1221
1382	1244
1383	1226
1384	1230
1385	1329
1386	1217
1387	1250
1388	1171
1389	1230
1390	1178
1391	1136
1392	1197
1393	1174
1394	1223
1395	1244
1396	1248
1397	1163
1398	1185
1399	1140
1400	1172
1401	1168
1402	1128
1403	1145
1404	1184
1405	1142
1406	1177
1407	1197
1408	1109
1409	1092
1410	1149
1411	1150
1412	1131
1413	1186
1414	1218
1415	1196
1416	1306
1417	1303
1418	1286
1419	1250
1420	1205
1421	1126
1422	1114
1423	1108
1424	1163
1425	1082
1426	1129
1427	1152
1428	1069
1429	1082
1430	1050
1431	1083
1432	1077
1433	1101
1434	1097
1435	1033
1436	1027
1437	1115
1438	1142
1439	1103
1440	1117
1441	1103
1442	1126
1443	1087
1444	1083
1445	1081
1446	1087
1447	1106
1448	1069
1449	1082
1450	1066
1451	1039
1452	1010
1453	1103
1454	1070
1455	1017
1456	995
1457	1060
1458	1053
1459	1057
1460	1083
1461	1022
1462	1064
1463	1083
1464	1089
1465	1098
1466	1063
1467	1078
1468	1085
1469	1106
1470	1030
1471	1070
1472	1038
1473	1020
1474	1005
1475	1020
1476	957
1477	988
1478	1024
1479	999
1480	1042
1481	1046
1482	1000
1483	1076
1484	1002
1485	1013
1486	978
1487	1000
1488	1001
1489	976
1490	1001
1491	982
1492	1026
1493	994
1494	983
1495	978
1496	1028
1497	1048
1498	960
1499	983
1500	998
1501	950
1502	1003
1503	965
1504	987
1505	987
1506	965
1507	952
1508	948
1509	880
1510	968
1511	947
1512	961
1513	965
1514	943
1515	928
1516	988
1517	931
1518	1010
1519	945
1520	933
1521	957
1522	875
1523	928
1524	894
1525	959
1526	910
1527	984
1528	969
1529	969
1530	920
1531	945
1532	914
1533	903
1534	946
1535	926
1536	859
1537	926
1538	839
1539	929
1540	904
1541	907
1542	878
1543	930
1544	856
1545	894
1546	904
1547	919
1548	893
1549	927
1550	813
1551	868
1552	871
1553	893
1554	890
1555	927
1556	802
1557	920
1558	843
1559	836
1560	944
1561	895
1562	932
1563	922
1564	897
1565	908
1566	930
1567	885
1568	879
1569	892
1570	856
1571	844
1572	857
1573	884
1574	884
1575	845
1576	889
1577	825
1578	846
1579	794
1580	870
1581	880
1582	822
1583	827
1584	859
1585	839
1586	813
1587	810
1588	823
1589	850
1590	850
1591	803
1592	881
1593	894
1594	857
1595	840
1596	845
1597	814
1598	783
1599	849
1600	876
1601	800
1602	886
1603	840
1604	830
1605	783
1606	860
1607	859
1608	892
1609	956
1610	1026
1611	1101
1612	1086
1613	1066
1614	1054
1615	1033
1616	910
1617	910
1618	806
1619	823
1620	818
1621	769
1622	822
1623	795
1624	830
1625	782
1626	821
1627	755
1628	747
1629	795
1630	806
1631	835
1632	848
1633	785
1634	776
1635	775
1636	771
1637	797
1638	816
1639	740
1640	758
1641	810
1642	817
1643	731
1644	762
1645	766
1646	779
1647	813
1648	766
1649	780
1650	817
1651	707
1652	773
1653	764
1654	841
1655	852
1656	852
1657	813
1658	852
1659	866
1660	800
1661	763
1662	777
1663	756
1664	770
1665	721
1666	766
1667	755
1668	739
1669	715
1670	775
1671	748
1672	716
1673	726
1674	744
1675	753
1676	719
1677	714
1678	687
1679	745
1680	707
1681	735
1682	726
1683	734
1684	737
1685	698
1686	702
1687	714
1688	709
1689	750
1690	709
1691	716
1692	722
1693	700
1694	764
1695	677
1696	689
1697	672
1698	690
1699	727
1700	717
1701	745
1702	714
1703	695
1704	717
1705	694
1706	696
1707	753
1708	701
1709	729
1710	722
1711	690
1712	652
1713	702
1714	674
1715	685
1716	680
1717	691
1718	672
1719	726
1720	698
1721	734
1722	655
1723	661
1724	698
1725	648
1726	668
1727	651
1728	684
1729	683
1730	685
1731	635
1732	670
1733	673
1734	649
1735	731
1736	645
1737	721
1738	682
1739	692
1740	667
1741	674
1742	659
1743	649
1744	675
1745	644
1746	705
1747	634
1748	686
1749	690
1750	661
1751	684
1752	653
1753	654
1754	649
1755	666
1756	646
1757	702
1758	690
1759	719
1760	636
1761	621
1762	622
1763	641
1764	666
1765	655
1766	614
1767	634
1768	659
1769	641
1770	657
1771	646
1772	689
1773	652
1774	642
1775	657
1776	646
1777	651
1778	620
1779	645
1780	650
1781	623
1782	654
1783	640
1784	653
1785	566
1786	627
1787	619
1788	620
1789	651
1790	612
1791	630
1792	625
1793	598
1794	578
1795	598
1796	602
1797	608
1798	610
1799	596
1800	629
1801	600
1802	592
1803	599
1804	575
1805	600
1806	536
1807	562
1808	636
1809	628
1810	608
1811	612
1812	625
1813	640
1814	608
1815	596
1816	590
1817	565
1818	587
1819	590
1820	574
1821	602
1822	578
1823	599
1824	596
1825	621
1826	595
1827	545
1828	594
1829	554
1830	562
1831	562
1832	589
1833	570
1834	569
1835	593
1836	603
1837	591
1838	586
1839	533
1840	626
1841	592
1842	589
1843	540
1844	587
1845	594
1846	604
1847	546
1848	535
1849	582
1850	578
1851	599
1852	589
1853	563
1854	556
1855	549
1856	541
1857	542
1858	600
1859	548
1860	573
1861	595
1862	608
1863	614
1864	597
1865	561
1866	591
1867	569
1868	523
1869	564
1870	556
1871	571
1872	527
1873	575
1874	558
1875	542
1876	576
1877	535
1878	558
1879	541
1880	542
1881	548
1882	560
1883	521
1884	574
1885	519
1886	541
1887	484
1888	553
1889	513
1890	554
1891	581
1892	505
1893	549
1894	554
1895	574
1896	510
1897	544
1898	540
1899	536
1900	531
1901	569
1902	515
1903	548
1904	496
1905	534
1906	543
1907	550
1908	599
1909	551
1910	513
1911	539
1912	489
1913	519
1914	497
1915	582
1916	542
1917	566
1918	509
1919	527
1920	484
1921	556
1922	527
1923	526
1924	509
1925	544
1926	481
1927	519
1928	516
1929	505
1930	535
1931	576
1932	541
1933	487
1934	516
1935	518
1936	485
1937	497
1938	509
1939	531
1940	503
1941	491
1942	500
1943	501
1944	541
1945	581
1946	522
1947	501
1948	510
1949	512
1950	523
1951	505
1952	501
1953	489
1954	551
1955	515
1956	536
1957	524
1958	556
1959	533
1960	533
1961	531
1962	480
1963	479
1964	506
1965	546
1966	528
1967	513
1968	503
1969	482
1970	532
1971	518
1972	517
1973	485
1974	460
1975	533
1976	494
1977	528
1978	463
1979	494
1980	497
1981	476
1982	507
1983	488
1984	486
1985	507
1986	467
1987	472
1988	487
1989	482
1990	450
1991	493
1992	496
1993	498
1994	486
1995	504
1996	489
1997	504
1998	504
1999	503
2000	513
2001	526
2002	498
2003	469
2004	485
2005	469
2006	486
2007	458
2008	466
2009	469
2010	461
2011	471
2012	450
2013	484
2014	430
2015	468
2016	474
2017	475
2018	475
2019	466
2020	465
2021	475
2022	463
2023	442
2024	459
2025	496
2026	459
2027	461
2028	468
2029	422
2030	427
2031	513
2032	478
2033	465
2034	499
2035	458
2036	470
2037	436
2038	478
2039	498
2040	468
2041	486
2042	491
2043	510
2044	563
2045	551
2046	635
2047	600
2048	722
2049	793
2050	882
2051	997
2052	1061
2053	1180
2054	1262
2055	1370
2056	1344
2057	1245
2058	1210
2059	1080
2060	995
2061	875
2062	842
2063	840
2064	773
2065	791
2066	832
2067	940
2068	891
2069	881
2070	806
2071	699
2072	573
2073	461
2074	449
2075	417
2076	416
2077	449
2078	440
2079	460
2080	414
2081	420
2082	445
2083	446
2084	437
2085	462
2086	440
2087	421
2088	455
2089	430
2090	422
2091	423
2092	429
2093	427
2094	437
2095	402
2096	441
2097	400
2098	384
2099	457
2100	438
2101	419
2102	383
2103	423
2104	438
2105	440
2106	411
2107	398
2108	453
2109	426
2110	420
2111	416
2112	424
2113	458
2114	413
2115	415
2116	417
2117	437
2118	430
2119	403
2120	368
2121	417
2122	428
2123	434
2124	412
2125	414
2126	429
2127	441
2128	397
2129	410
2130	419
2131	402
2132	396
2133	400
2134	397
2135	427
2136	433
2137	438
2138	391
2139	390
2140	407
2141	387
2142	425
2143	425
2144	415
2145	397
2146	397
2147	399
2148	397
2149	403
2150	398
2151	426
2152	434
2153	397
2154	388
2155	415
2156	395
2157	433
2158	398
2159	365
2160	395
2161	379
2162	405
2163	423
2164	403
2165	377
2166	370
2167	406
2168	403
2169	407
2170	370
2171	410
2172	407
2173	356
2174	409
2175	423
2176	411
2177	397
2178	388
2179	394
2180	387
2181	402
2182	415
2183	372
2184	418
2185	395
2186	375
2187	407
2188	405
2189	397
2190	382
2191	375
2192	396
2193	372
2194	390
2195	405
2196	370
2197	401
2198	392
2199	395
2200	387
2201	399
2202	353
2203	370
2204	404
2205	374
2206	347
2207	397
2208	373
2209	381
2210	374
2211	371
2212	368
2213	409
2214	381
2215	354
2216	353
2217	370
2218	345
2219	340
2220	384
2221	405
2222	400
2223	380
2224	433
2225	494
2226	570
2227	687
2228	785
2229	816
2230	854
2231	771
2232	732
2233	598
2234	491
2235	430
2236	387
2237	359
2238	367
2239	340
2240	381
2241	366
2242	358
2243	372
2244	380
2245	384
2246	344
2247	365
2248	388
2249	391
2250	398
2251	383
2252	379
2253	358
2254	342
2255	341
2256	379
2257	373
2258	371
2259	360
2260	369
2261	324
2262	343
2263	402
2264	352
2265	372
2266	355
2267	347
2268	386
2269	356
2270	391
2271	379
2272	347
2273	368
2274	361
2275	356
2276	368
2277	362
2278	326
2279	393
2280	388
2281	347
2282	358
2283	352
2284	353
2285	339
2286	356
2287	365
2288	361
2289	355
2290	358
2291	367
2292	390
2293	361
2294	351
2295	337
2296	357
2297	372
2298	364
2299	335
2300	381
2301	350
2302	361
2303	351
2304	350
2305	357
2306	377
2307	334
2308	366
2309	353
2310	343
2311	322
2312	360
2313	352
2314	339
2315	355
2316	351
2317	342
2318	347
2319	369
2320	335
2321	360
2322	349
2323	347
2324	314
2325	382
2326	350
2327	330
2328	306
2329	351
2330	314
2331	308
2332	337
2333	364
2334	334
2335	339
2336	375
2337	346
2338	335
2339	397
2340	393
2341	418
2342	428
2343	468
2344	546
2345	529
2346	553
2347	526
2348	474
2349	413
2350	395
2351	370
2352	355
2353	317
2354	311
2355	337
2356	306
2357	344
2358	328
2359	305
2360	322
2361	309
2362	330
2363	378
2364	339
2365	322
2366	317
2367	324
2368	335
2369	337
2370	361
2371	336
2372	348
2373	318
2374	340
2375	326
2376	314
2377	337
2378	329
2379	325
2380	365
2381	310
2382	345
2383	324
2384	279
2385	342
2386	284
2387	333
2388	293
2389	336
2390	302
2391	286
2392	325
2393	317
2394	307
2395	302
2396	338
2397	304
2398	297
2399	327
2400	325
2401	331
2402	287
2403	299
2404	295
2405	332
2406	318
2407	330
2408	330
2409	338
2410	295
2411	323
2412	290
2413	347
2414	328
2415	290
2416	329
2417	330
2418	311
2419	305
2420	334
2421	321
2422	336
2423	340
2424	317
2425	342
2426	336
2427	344
2428	346
2429	372
2430	399
2431	343
2432	395
2433	374
2434	370
2435	339
2436	337
2437	332
2438	330
2439	323
2440	308
2441	324
2442	301
2443	298
2444	343
2445	339
2446	369
2447	391
2448	443
2449	488
2450	517
2451	519
2452	459
2453	457
2454	370
2455	372
2456	322
2457	316
2458	310
2459	289
2460	287
2461	295
2462	311
2463	277
2464	287
2465	298
2466	300
2467	252
2468	308
2469	318
2470	328
2471	286
2472	337
2473	300
2474	283
2475	306
2476	324
2477	303
2478	292
2479	319
2480	313
2481	292
2482	299
2483	313
2484	325
2485	342
2486	392
2487	442
2488	499
2489	516
2490	554
2491	555
2492	463
2493	449
2494	402
2495	319
2496	275
2497	293
2498	267
2499	289
2500	283
2501	308
2502	275
2503	282
2504	302
2505	302
2506	269
2507	289
2508	251
2509	281
2510	277
2511	270
2512	286
2513	282
2514	261
2515	300
2516	278
2517	303
2518	310
2519	303
2520	302
2521	331
2522	279
2523	295
2524	291
2525	263
2526	295
2527	272
2528	278
2529	265
2530	257
2531	296
2532	303
2533	282
2534	284
2535	297
2536	306
2537	296
2538	306
2539	266
2540	263
2541	314
2542	294
2543	278
2544	286
2545	299
2546	298
2547	312
2548	282
2549	290
2550	282
2551	288
2552	292
2553	277
2554	294
2555	249
2556	305
2557	253
2558	300
2559	284
2560	279
2561	303
2562	245
2563	275
2564	243
2565	289
2566	275
2567	297
2568	291
2569	249
2570	288
2571	266
2572	312
2573	273
2574	266
2575	276
2576	281
2577	275
2578	276
2579	316
2580	265
2581	271
2582	296
2583	287
2584	253
2585	286
2586	272
2587	291
2588	272
2589	264
2590	286
2591	305
2592	269
2593	272
2594	256
2595	266
2596	269
2597	283
2598	280
2599	269
2600	270
2601	264
2602	263
2603	288
2604	278
2605	258
2606	267
2607	260
2608	259
2609	274
2610	296
2611	257
2612	277
2613	278
2614	264
2615	275
2616	267
2617	258
2618	261
2619	269
2620	297
2621	282
2622	269
2623	267
2624	259
2625	276
2626	256
2627	253
2628	247
2629	276
2630	274
2631	267
2632	248
2633	246
2634	282
2635	275
2636	258
2637	303
2638	240
2639	264
2640	266
2641	244
2642	258
2643	257
2644	251
2645	298
2646	260
2647	283
2648	272
2649	254
2650	250
2651	252
2652	250
2653	273
2654	265
2655	258
2656	240
2657	253
2658	243
2659	283
2660	270
2661	244
2662	285
2663	235
2664	293
2665	265
2666	261
2667	256
2668	274
2669	275
2670	299
2671	245
2672	269
2673	261
2674	233
2675	299
2676	270
2677	277
2678	268
2679	242
2680	273
2681	277
2682	228
2683	255
2684	274
2685	253
2686	255
2687	267
2688	273
2689	248
2690	277
2691	252
2692	235
2693	255
2694	234
2695	249
2696	257
2697	243
2698	270
2699	246
2700	260
2701	258
2702	228
2703	266
2704	252
2705	229
2706	271
2707	255
2708	277
2709	281
2710	216
2711	268
2712	258
2713	265
2714	252
2715	238
2716	269
2717	249
2718	228
2719	271
2720	247
2721	275
2722	252
2723	253
2724	261
2725	260
2726	252
2727	237
2728	269
2729	272
2730	283
2731	260
2732	277
2733	231
2734	227
2735	245
2736	278
2737	245
2738	292
2739	265
2740	248
2741	247
2742	244
2743	229
2744	251
2745	244
2746	224
2747	256
2748	240
2749	231
2750	243
2751	263
2752	257
2753	259
2754	251
2755	253
2756	251
2757	230
2758	263
2759	223
2760	219
2761	262
2762	248
2763	262
2764	254
2765	259
2766	263
2767	225
2768	264
2769	256
2770	257
2771	252
2772	257
2773	235
2774	250
2775	251
2776	236
2777	242
2778	237
2779	239
2780	249
2781	250
2782	269
2783	228
2784	222
2785	237
2786	252
2787	219
2788	232
2789	240
2790	249
2791	256
2792	225
2793	260
2794	251
2795	270
2796	229
2797	250
2798	265
2799	253
2800	277
2801	239
2802	248
2803	299
2804	270
2805	314
2806	320
2807	362
2808	351
2809	409
2810	356
2811	283
2812	295
2813	274
2814	261
2815	254
2816	261
2817	232
2818	252
2819	261
2820	253
2821	269
2822	269
2823	240
2824	253
2825	263
2826	231
2827	234
2828	260
2829	256
2830	231
2831	244
2832	243
2833	229
2834	264
2835	234
2836	203
2837	223
2838	253
2839	223
2840	222
2841	215
2842	222
2843	251
2844	239
2845	248
2846	228
2847	272
2848	203
2849	234
2850	220
2851	216
2852	246
2853	216
2854	224
2855	244
2856	235
2857	240
2858	250
2859	226
2860	244
2861	235
2862	235
2863	246
2864	243
2865	218
2866	231
2867	251
2868	241
2869	266
2870	236
2871	253
2872	217
2873	254
2874	239
2875	214
2876	242
2877	254
2878	251
2879	226
2880	231
2881	257
2882	227
2883	245
2884	254
2885	227
2886	217
2887	222
2888	219
2889	234
2890	229
2891	219
2892	220
2893	240
2894	241
2895	238
2896	250
2897	236
2898	268
2899	223
2900	234
2901	257
2902	237
2903	218
2904	211
2905	232
2906	246
2907	230
2908	222
2909	241
2910	253
2911	236
2912	228
2913	233
2914	246
2915	236
2916	206
2917	244
2918	233
2919	239
2920	231
2921	248
2922	268
2923	281
2924	299
2925	282
2926	267
2927	247
2928	230
2929	229
2930	239
2931	236
2932	234
2933	204
2934	209
2935	239
2936	225
2937	204
2938	256
2939	229
2940	243
2941	227
2942	219
2943	239
2944	215
2945	218
2946	222
2947	287
2948	203
2949	223
2950	257
2951	230
2952	193
2953	225
2954	208
2955	243
2956	219
2957	213
2958	232
2959	205
2960	225
2961	232
2962	212
2963	246
2964	219
2965	249
2966	234
2967	217
2968	196
2969	215
2970	241
2971	230
2972	225
2973	219
2974	214
2975	217
2976	218
2977	220
2978	209
2979	211
2980	232
2981	232
2982	217
2983	209
2984	234
2985	224
2986	231
2987	223
2988	252
2989	209
2990	201
2991	234
2992	219
2993	243
2994	236
2995	233
2996	193
2997	205
2998	232
2999	204
3000	209
3001	244
3002	220
3003	210
3004	217
3005	261
3006	205
3007	233
3008	231
3009	232
3010	219
3011	218
3012	208
3013	233
3014	228
3015	239
3016	244
3017	231
3018	207
3019	253
3020	225
3021	215
3022	226
3023	254
3024	231
3025	240
3026	224
3027	217
3028	259
3029	190
3030	209
3031	215
3032	223
3033	234
3034	251
3035	214
3036	206
3037	244
3038	222
3039	248
3040	256
3041	259
3042	218
3043	221
3044	227
3045	215
3046	215
3047	206
3048	211
3049	205
3050	239
3051	225
3052	233
3053	226
3054	201
3055	214
3056	213
3057	201
3058	217
3059	227
3060	233
3061	236
3062	217
3063	201
3064	234
3065	228
3066	238
3067	209
3068	216
3069	235
3070	222
3071	253
3072	229
3073	226
3074	204
3075	206
3076	235
3077	213
3078	253
3079	244
3080	210
3081	251
3082	240
3083	236
3084	239
3085	213
3086	247
3087	256
3088	223
3089	230
3090	215
3091	234
3092	255
3093	225
3094	215
3095	197
3096	197
3097	237
3098	220
3099	212
3100	230
3101	228
3102	231
3103	208
3104	223
3105	259
3106	226
3107	183
3108	250
3109	228
3110	227
3111	224
3112	220
3113	206
3114	215
3115	234
3116	280
3117	276
3118	374
3119	444
3120	563
3121	572
3122	549
3123	572
3124	483
3125	444
3126	332
3127	277
3128	271
3129	259
3130	215
3131	231
3132	204
3133	218
3134	211
3135	238
3136	227
3137	217
3138	206
3139	199
3140	214
3141	217
3142	228
3143	217
3144	223
3145	228
3146	239
3147	212
3148	208
3149	226
3150	201
3151	231
3152	213
3153	221
3154	200
3155	225
3156	238
3157	224
3158	234
3159	220
3160	236
3161	215
3162	218
3163	251
3164	221
3165	227
3166	212
3167	212
3168	211
3169	198
3170	232
3171	210
3172	212
3173	195
3174	224
3175	213
3176	205
3177	196
3178	200
3179	221
3180	231
3181	201
3182	209
3183	185
3184	210
3185	207
3186	201
3187	201
3188	216
3189	175
3190	194
3191	233
3192	234
3193	228
3194	244
3195	266
3196	247
3197	268
3198	242
3199	303
3200	254
3201	238
3202	214
3203	253
3204	240
3205	223
3206	216
3207	196
3208	214
3209	200
3210	209
3211	217
3212	224
3213	218
3214	221
3215	211
3216	196
3217	202
3218	202
3219	200
3220	210
3221	233
3222	205
3223	197
3224	200
3225	234
3226	231
3227	202
3228	226
3229	209
3230	221
3231	207
3232	235
3233	203
3234	244
3235	209
3236	203
3237	205
3238	211
3239	234
3240	219
3241	227
3242	227
3243	239
3244	246
3245	232
3246	245
3247	210
3248	231
3249	237
3250	219
3251	208
3252	209
3253	202
3254	212
3255	238
3256	221
3257	220
3258	204
3259	231
3260	225
3261	223
3262	237
3263	223
3264	210
3265	233
3266	236
3267	209
3268	198
3269	231
3270	209
3271	215
3272	198
3273	218
3274	228
3275	216
3276	237
3277	230
3278	216
3279	205
3280	229
3281	212
3282	203
3283	208
3284	231
3285	210
3286	200
3287	220
3288	213
3289	195
3290	200
3291	204
3292	198
3293	214
3294	208
3295	208
3296	222
3297	218
3298	224
3299	221
3300	226
3301	192
3302	220
3303	211
3304	245
3305	233
3306	231
3307	218
3308	204
3309	205
3310	220
3311	212
3312	239
3313	244
3314	215
3315	217
3316	202
3317	215
3318	224
3319	216
3320	205
3321	242
3322	233
3323	248
3324	261
3325	303
3326	290
3327	286
3328	311
3329	304
3330	306
3331	284
3332	255
3333	231
3334	244
3335	234
3336	217
3337	226
3338	222
3339	230
3340	208
3341	242
3342	226
3343	179
3344	196
3345	204
3346	216
3347	212
3348	218
3349	224
3350	251
3351	211
3352	208
3353	239
3354	259
3355	244
3356	233
3357	233
3358	244
3359	235
3360	244
3361	260
3362	224
3363	250
3364	220
3365	210
3366	204
3367	214
3368	216
3369	222
3370	213
3371	230
3372	226
3373	224
3374	192
3375	203
3376	220
3377	245
3378	232
3379	233
3380	233
3381	241
3382	218
3383	223
3384	217
3385	211
3386	209
3387	215
3388	235
3389	218
3390	238
3391	228
3392	227
3393	196
3394	234
3395	220
3396	224
3397	226
3398	220
3399	219
3400	219
3401	211
3402	229
3403	204
3404	227
3405	221
3406	214
3407	210
3408	222
3409	217
3410	218
3411	205
3412	230
3413	236
3414	193
3415	212
3416	222
3417	242
3418	217
3419	228
3420	250
3421	234
3422	245
3423	208
3424	232
3425	218
3426	240
3427	225
3428	221
3429	234
3430	235
3431	216
3432	224
3433	218
3434	226
3435	243
3436	228
3437	230
3438	221
3439	215
3440	216
3441	215
3442	202
3443	234
3444	249
3445	235
3446	221
3447	233
3448	223
3449	220
3450	237
3451	225
3452	259
3453	229
3454	255
3455	232
3456	250
3457	271
3458	269
3459	268
3460	244
3461	276
3462	274
3463	229
3464	220
3465	217
3466	245
3467	207
3468	215
3469	243
3470	236
3471	229
3472	238
3473	220
3474	248
3475	253
3476	216
3477	232
3478	270
3479	240
3480	233
3481	205
3482	228
3483	230
3484	228
3485	236
3486	195
3487	238
3488	236
3489	222
3490	214
3491	217
3492	229
3493	235
3494	225
3495	259
3496	239
3497	224
3498	245
3499	213
3500	226
3501	242
3502	239
3503	244
3504	237
3505	221
3506	249
3507	226
3508	216
3509	221
3510	225
3511	262
3512	238
3513	223
3514	190
3515	249
3516	221
3517	212
3518	247
3519	238
3520	238
3521	250
3522	220
3523	209
3524	232
3525	245
3526	224
3527	229
3528	249
3529	229
3530	250
3531	233
3532	240
3533	256
3534	244
3535	249
3536	265
3537	257
3538	219
3539	242
3540	233
3541	239
3542	237
3543	228
3544	218
3545	235
3546	203
3547	246
3548	274
3549	257
3550	236
3551	232
3552	242
3553	230
3554	219
3555	229
3556	241
3557	251
3558	268
3559	260
3560	231
3561	219
3562	228
3563	232
3564	258
3565	232
3566	283
3567	246
3568	295
3569	348
3570	397
3571	451
3572	586
3573	659
3574	715
3575	703
3576	655
3577	581
3578	459
3579	385
3580	321
3581	304
3582	303
3583	240
3584	249
3585	235
3586	230
3587	216
3588	238
3589	236
3590	244
3591	237
3592	246
3593	254
3594	220
3595	269
3596	254
3597	208
3598	238
3599	234
3600	252
3601	230
3602	268
3603	253
3604	233
3605	232
3606	234
3607	238
3608	250
3609	260
3610	255
3611	258
3612	233
3613	231
3614	238
3615	249
3616	251
3617	240
3618	223
3619	247
3620	254
3621	234
3622	257
3623	237
3624	254
3625	210
3626	228
3627	228
3628	265
3629	234
3630	253
3631	233
3632	227
3633	221
3634	195
3635	247
3636	220
3637	234
3638	244
3639	243
3640	232
3641	217
3642	198
3643	224
3644	223
3645	212
3646	238
3647	203
3648	223
3649	205
3650	208
3651	213
3652	187
3653	190
3654	200
3655	186
3656	228
3657	238
3658	232
3659	291
3660	373
3661	371
3662	407
3663	434
3664	422
3665	344
3666	324
3667	305
3668	228
3669	218
3670	200
3671	217
3672	189
3673	182
3674	200
3675	180
3676	187
3677	160
3678	191
3679	174
3680	177
3681	184
3682	178
3683	192
3684	202
3685	175
3686	201
3687	161
3688	151
3689	191
3690	166
3691	162
3692	154
3693	179
3694	179
3695	179
3696	180
3697	170
3698	172
3699	155
3700	190
3701	176
3702	158
3703	166
3704	174
3705	185
3706	159
3707	164
3708	173
3709	164
3710	168
3711	162
3712	146
3713	174
3714	187
3715	191
3716	166
3717	203
3718	168
3719	183
3720	170
3721	168
3722	171
3723	166
3724	170
3725	188
3726	175
3727	153
3728	179
3729	161
3730	157
3731	178
3732	160
3733	160
3734	164
3735	185
3736	153
3737	153
3738	160
3739	165
3740	149
3741	158
3742	175
3743	144
3744	161
3745	145
3746	189
3747	148
3748	187
3749	174
3750	167
3751	151
3752	146
3753	165
3754	187
3755	169
3756	178
3757	169
3758	176
3759	152
3760	166
3761	125
3762	153
3763	172
3764	166
3765	155
3766	132
3767	162
3768	150
3769	163
3770	166
3771	150
3772	157
3773	158
3774	151
3775	121
3776	169
3777	154
3778	163
3779	145
3780	160
3781	137
3782	153
3783	159
3784	156
3785	166
3786	156
3787	146
3788	191
3789	150
3790	178
3791	135
3792	140
3793	166
3794	141
3795	167
3796	136
3797	148
3798	156
3799	134
3800	158
3801	159
3802	161
3803	158
3804	165
3805	161
3806	151
3807	157
3808	147
3809	150
3810	131
3811	185
3812	158
3813	158
3814	165
3815	176
3816	159
3817	133
3818	143
3819	150
3820	145
3821	152
3822	162
3823	161
3824	139
3825	162
3826	154
3827	158
3828	167
3829	168
3830	156
3831	150
3832	170
3833	136
3834	146
3835	136
3836	146
3837	148
3838	164
3839	158
3840	131
3841	155
3842	155
3843	123
3844	163
3845	146
3846	157
3847	149
3848	129
3849	125
3850	136
3851	130
3852	144
3853	144
3854	172
3855	156
3856	150
3857	154
3858	142
3859	139
3860	155
3861	152
3862	127
3863	147
3864	148
3865	121
3866	134
3867	135
3868	155
3869	129
3870	131
3871	146
3872	169
3873	173
3874	146
3875	173
3876	166
3877	182
3878	201
3879	195
3880	154
3881	180
3882	145
3883	145
3884	168
3885	137
3886	155
3887	141
3888	98
3889	150
3890	153
3891	208
3892	237
3893	245
3894	292
3895	279
3896	266
3897	261
3898	217
3899	189
3900	171
3901	142
3902	142
3903	145
3904	127
3905	131
3906	124
3907	126
3908	129
3909	114
3910	145
3911	131
3912	118
3913	121
3914	134
3915	106
3916	134
3917	111
3918	109
3919	100
3920	137
3921	110
3922	107
3923	127
3924	130
3925	136
3926	122
3927	127
3928	108
3929	119
3930	116
3931	133
3932	116
3933	131
3934	161
3935	113
3936	117
3937	119
3938	129
3939	106
3940	114
3941	125
3942	118
3943	122
3944	106
3945	130
3946	125
3947	116
3948	118
3949	120
3950	122
3951	116
3952	112
3953	101
3954	126
3955	102
3956	101
3957	110
3958	103
3959	102
3960	115
3961	111
3962	115
3963	108
3964	105
3965	111
3966	123
3967	98
3968	120
3969	130
3970	116
3971	119
3972	121
3973	119
3974	124
3975	102
3976	126
3977	117
3978	115
3979	112
3980	113
3981	102
3982	126
3983	87
3984	106
3985	108
3986	103
3987	97
3988	125
3989	102
3990	90
3991	97
3992	102
3993	116
3994	109
3995	112
3996	105
3997	118
3998	91
3999	87
4000	127
4001	98
4002	110
4003	107
4004	92
4005	97
4006	116
4007	92
4008	94
4009	118
4010	105
4011	104
4012	86
4013	132
4014	111
4015	99
4016	106
4017	93
4018	105
4019	114
4020	94
4021	92
4022	116
4023	126
4024	103
4025	92
4026	97
4027	78
4028	107
4029	104
4030	106
4031	109
4032	115
4033	78
4034	97
4035	103
4036	114
4037	108
4038	107
4039	119
4040	91
4041	96
4042	107
4043	93
4044	98
4045	93
4046	94
4047	102
4048	122
4049	94
4050	95
4051	105
4052	98
4053	114
4054	83
4055	105
4056	97
4057	102
4058	103
4059	91
4060	78
4061	91
4062	97
4063	74
4064	94
4065	101
4066	98
4067	96
4068	95
4069	97
4070	83
4071	98
4072	109
4073	116
4074	76
4075	89
4076	83
4077	95
4078	98
4079	96
4080	94
4081	90
4082	93
4083	119
4084	85
4085	86
4086	94
4087	94
4088	84
4089	109
4090	99
4091	85
4092	83
4093	93
4094	119
4095	90
4096	101
4097	80
4098	102
4099	79
4100	89
4101	78
4102	114
4103	101
4104	100
4105	93
4106	95
4107	100
4108	87
4109	87
4110	95
4111	85
4112	91
4113	94
4114	93
4115	88
4116	76
4117	104
4118	93
4119	103
4120	93
4121	85
4122	84
4123	84
4124	90
4125	88
4126	86
4127	89
4128	104
4129	101
4130	92
4131	72
4132	76
4133	95
4134	82
4135	98
4136	84
4137	101
4138	80
4139	77
4140	103
4141	81
4142	89
4143	82
4144	85
4145	92
4146	79
4147	93
4148	95
4149	89
4150	79
4151	108
4152	92
4153	79
4154	101
4155	81
4156	93
4157	90
4158	87
4159	74
4160	75
4161	91
4162	90
4163	82
4164	92
4165	76
4166	79
4167	100
4168	99
4169	84
4170	86
4171	81
4172	89
4173	97
4174	82
4175	87
4176	85
4177	85
4178	87
4179	109
4180	93
4181	91
4182	86
4183	84
4184	96
4185	101
4186	88
4187	69
4188	90
4189	105
4190	103
4191	112
4192	125
4193	121
4194	171
4195	171
4196	156
4197	182
4198	185
4199	139
4200	128
4201	104
4202	86
4203	87
4204	88
4205	79
4206	94
4207	72
4208	84
4209	81
4210	87
4211	77
4212	66
4213	91
4214	69
4215	73
4216	93
4217	78
4218	82
4219	85
4220	77
4221	89
4222	81
4223	92
4224	75
4225	67
4226	72
4227	87
4228	79
4229	73
4230	82
4231	64
4232	75
4233	78
4234	77
4235	69
4236	97
4237	87
4238	64
4239	84
4240	82
4241	76
4242	74
4243	101
4244	88
4245	81
4246	86
4247	82
4248	80
4249	80
4250	82
4251	88
4252	89
4253	81
4254	94
4255	84
4256	84
4257	90
4258	92
4259	76
4260	75
4261	80
4262	93
4263	80
4264	80
4265	81
4266	89
4267	84
4268	95
4269	88
4270	95
4271	97
4272	72
4273	75
4274	101
4275	85
4276	85
4277	99
4278	91
4279	90
4280	81
4281	78
4282	84
4283	78
4284	75
4285	81
4286	95
4287	75
4288	88
4289	92
4290	68
4291	87
4292	93
4293	75
4294	103
4295	98
4296	76
4297	88
4298	79
4299	97
4300	85
4301	86
4302	89
4303	86
4304	80
4305	93
4306	80
4307	85
4308	85
4309	85
4310	79
4311	69
4312	78
4313	74
4314	91
4315	92
4316	84
4317	79
4318	85
4319	87
4320	82
4321	97
4322	127
4323	152
4324	210
4325	219
4326	246
4327	297
4328	305
4329	287
4330	238
4331	208
4332	170
4333	142
4334	112
4335	104
4336	81
4337	91
4338	83
4339	89
4340	61
4341	73
4342	82
4343	83
4344	87
4345	78
4346	87
4347	70
4348	95
4349	82
4350	73
4351	73
4352	81
4353	86
4354	71
4355	67
4356	83
4357	62
4358	77
4359	66
4360	75
4361	76
4362	77
4363	69
4364	73
4365	78
4366	82
4367	80
4368	89
4369	67
4370	78
4371	78
4372	80
4373	72
4374	84
4375	76
4376	80
4377	64
4378	71
4379	59
4380	84
4381	104
4382	90
4383	85
4384	81
4385	68
4386	76
4387	77
4388	79
4389	77
4390	67
4391	65
4392	86
4393	78
4394	77
4395	65
4396	74
4397	67
4398	78
4399	82
4400	73
4401	78
4402	83
4403	86
4404	65
4405	89
4406	89
4407	95
4408	81
4409	93
4410	110
4411	151
4412	174
4413	233
4414	329
4415	416
4416	523
4417	556
4418	580
4419	580
4420	528
4421	392
4422	267
4423	218
4424	133
4425	114
4426	94
4427	81
4428	67
4429	73
4430	78
4431	79
4432	89
4433	84
4434	92
4435	84
4436	65
4437	95
4438	74
4439	85
4440	71
4441	81
4442	76
4443	79
4444	64
4445	61
4446	75
4447	79
4448	83
4449	78
4450	80
4451	85
4452	70
4453	91
4454	76
4455	73
4456	75
4457	86
4458	76
4459	99
4460	79
4461	79
4462	89
4463	90
4464	79
4465	85
4466	94
4467	96
4468	75
4469	95
4470	92
4471	101
4472	137
4473	158
4474	248
4475	398
4476	715
4477	1161
4478	2009
4479	3144
4480	4563
4481	5782
4482	6871
4483	7341
4484	7370
4485	6477
4486	5242
4487	4026
4488	2732
4489	1617
4490	936
4491	494
4492	270
4493	154
4494	108
4495	100
4496	111
4497	125
4498	178
4499	258
4500	358
4501	398
4502	494
4503	491
4504	504
4505	455
4506	359
4507	281
4508	212
4509	146
4510	110
4511	79
4512	70
4513	58
4514	57
4515	60
4516	56
4517	59
4518	57
4519	52
4520	49
4521	59
4522	37
4523	53
4524	54
4525	50
4526	59
4527	54
4528	49
4529	51
4530	55
4531	61
4532	58
4533	62
4534	48
4535	50
4536	64
4537	58
4538	59
4539	55
4540	60
4541	58
4542	53
4543	60
4544	46
4545	51
4546	53
4547	62
4548	58
4549	59
4550	58
4551	53
4552	51
4553	55
4554	47
4555	41
4556	59
4557	59
4558	41
4559	53
4560	56
4561	47
4562	58
4563	63
4564	45
4565	59
4566	60
4567	52
4568	70
4569	46
4570	48
4571	57
4572	68
4573	60
4574	49
4575	53
4576	65
4577	64
4578	50
4579	62
4580	45
4581	47
4582	50
4583	56
4584	42
4585	52
4586	53
4587	47
4588	44
4589	68
4590	44
4591	42
4592	67
4593	75
4594	52
4595	49
4596	52
4597	66
4598	46
4599	55
4600	48
4601	48
4602	48
4603	60
4604	62
4605	47
4606	56
4607	56
4608	47
4609	61
4610	57
4611	43
4612	50
4613	52
4614	54
4615	54
4616	59
4617	64
4618	46
4619	41
4620	50
4621	48
4622	57
4623	56
4624	42
4625	65
4626	51
4627	45
4628	62
4629	60
4630	54
4631	39
4632	65
4633	46
4634	43
4635	56
4636	52
4637	57
4638	53
4639	65
4640	54
4641	61
4642	73
4643	67
4644	58
4645	57
4646	64
4647	50
4648	50
4649	56
4650	58
4651	59
4652	49
4653	60
4654	44
4655	40
4656	42
4657	48
4658	58
4659	64
4660	42
4661	53
4662	47
4663	44
4664	50
4665	44
4666	62
4667	47
4668	55
4669	52
4670	48
4671	48
4672	46
4673	51
4674	56
4675	50
4676	43
4677	61
4678	48
4679	51
4680	55
4681	49
4682	46
4683	44
4684	46
4685	39
4686	50
4687	44
4688	42
4689	44
4690	42
4691	45
4692	60
4693	38
4694	65
4695	54
4696	43
4697	45
4698	46
4699	43
4700	37
4701	36
4702	51
4703	51
4704	59
4705	53
4706	81
4707	94
4708	160
4709	230
4710	337
4711	492
4712	610
4713	830
4714	887
4715	922
4716	890
4717	780
4718	637
4719	466
4720	327
4721	196
4722	120
4723	99
4724	64
4725	43
4726	54
4727	54
4728	47
4729	45
4730	50
4731	54
4732	52
4733	55
4734	61
4735	42
4736	63
4737	44
4738	44
4739	45
4740	48
4741	40
4742	46
4743	42
4744	57
4745	37
4746	41
4747	41
4748	43
4749	42
4750	53
4751	46
4752	42
4753	52
4754	40
4755	47
4756	43
4757	52
4758	36
4759	36
4760	41
4761	48
4762	35
4763	42
4764	58
4765	48
4766	52
4767	40
4768	39
4769	46
4770	50
4771	38
4772	41
4773	35
4774	45
4775	41
4776	45
4777	43
4778	55
4779	45
4780	46
4781	35
4782	43
4783	47
4784	49
4785	44
4786	50
4787	49
4788	42
4789	46
4790	41
4791	41
4792	48
4793	43
4794	50
4795	39
4796	32
4797	50
4798	38
4799	41
4800	44
4801	50
4802	51
4803	41
4804	37
4805	45
4806	47
4807	39
4808	38
4809	48
4810	42
4811	40
4812	30
4813	44
4814	35
4815	38
4816	55
4817	49
4818	47
4819	44
4820	44
4821	31
4822	49
4823	43
4824	46
4825	39
4826	48
4827	48
4828	65
4829	57
4830	50
4831	39
4832	46
4833	33
4834	38
4835	34
4836	50
4837	36
4838	36
4839	37
4840	35
4841	51
4842	50
4843	43
4844	37
4845	36
4846	34
4847	35
4848	50
4849	47
4850	59
4851	48
4852	47
4853	44
4854	52
4855	56
4856	36
4857	37
4858	48
4859	39
4860	43
4861	33
4862	35
4863	45
4864	37
4865	35
4866	41
4867	42
4868	33
4869	37
4870	29
4871	62
4872	34
4873	47
4874	52
4875	41
4876	38
4877	30
4878	48
4879	41
4880	42
4881	44
4882	48
4883	41
4884	38
4885	28
4886	42
4887	45
4888	54
4889	42
4890	45
4891	43
4892	30
4893	41
4894	36
4895	39
4896	45
4897	45
4898	47
4899	41
4900	46
4901	46
4902	41
4903	44
4904	34
4905	39
4906	49
4907	43
4908	45
4909	43
4910	46
4911	53
4912	38
4913	41
4914	38
4915	30
4916	41
4917	31
4918	37
4919	40
4920	41
4921	40
4922	35
4923	48
4924	42
4925	39
4926	32
4927	42
4928	41
4929	52
4930	42
4931	35
4932	39
4933	35
4934	33
4935	45
4936	41
4937	46
4938	31
4939	29
4940	39
4941	33
4942	33
4943	37
4944	42
4945	38
4946	42
4947	33
4948	45
4949	34
4950	51
4951	39
4952	38
4953	38
4954	34
4955	37
4956	36
4957	43
4958	33
4959	36
4960	50
4961	38
4962	44
4963	50
4964	36
4965	44
4966	40
4967	48
4968	36
4969	50
4970	46
4971	49
4972	65
4973	72
4974	81
4975	85
4976	64
4977	74
4978	66
4979	53
4980	56
4981	43
4982	46
4983	39
4984	36
4985	32
4986	36
4987	36
4988	39
4989	30
4990	36
4991	32
4992	28
4993	32
4994	53
4995	47
4996	32
4997	45
4998	33
4999	42
5000	46
5001	31
5002	40
5003	29
5004	28
5005	28
5006	33
5007	44
5008	41
5009	50
5010	40
5011	42
5012	47
5013	43
5014	35
5015	35
5016	41
5017	35
5018	39
5019	37
5020	31
5021	33
5022	37
5023	29
5024	44
5025	32
5026	35
5027	45
5028	42
5029	40
5030	37
5031	33
5032	31
5033	36
5034	50
5035	27
5036	50
5037	39
5038	30
5039	54
5040	31
5041	39
5042	38
5043	32
5044	31
5045	36
5046	41
5047	29
5048	37
5049	27
5050	29
5051	41
5052	34
5053	31
5054	34
5055	30
5056	33
5057	35
5058	28
5059	31
5060	24
5061	35
5062	20
5063	25
5064	37
5065	37
5066	30
5067	32
5068	29
5069	34
5070	40
5071	34
5072	35
5073	31
5074	42
5075	35
5076	33
5077	37
5078	27
5079	38
5080	40
5081	41
5082	34
5083	39
5084	38
5085	34
5086	28
5087	37
5088	33
5089	40
5090	41
5091	32
5092	29
5093	28
5094	35
5095	48
5096	44
5097	41
5098	30
5099	30
5100	29
5101	30
5102	31
5103	24
5104	42
5105	40
5106	45
5107	33
5108	37
5109	36
5110	39
5111	36
5112	33
5113	31
5114	42
5115	40
5116	36
5117	31
5118	35
5119	38
5120	38
5121	39
5122	49
5123	45
5124	36
5125	33
5126	27
5127	34
5128	27
5129	37
5130	39
5131	36
5132	34
5133	39
5134	36
5135	25
5136	26
5137	34
5138	36
5139	35
5140	38
5141	35
5142	42
5143	42
5144	49
5145	43
5146	43
5147	51
5148	27
5149	43
5150	38
5151	33
5152	32
5153	44
5154	40
5155	25
5156	32
5157	28
5158	37
5159	43
5160	32
5161	29
5162	34
5163	26
5164	39
5165	38
5166	37
5167	31
5168	40
5169	32
5170	40
5171	29
5172	30
5173	44
5174	33
5175	26
5176	30
5177	29
5178	39
5179	30
5180	38
5181	51
5182	60
5183	73
5184	90
5185	122
5186	193
5187	234
5188	283
5189	308
5190	333
5191	347
5192	297
5193	261
5194	223
5195	158
5196	106
5197	82
5198	61
5199	39
5200	44
5201	22
5202	32
5203	35
5204	42
5205	35
5206	54
5207	81
5208	75
5209	96
5210	93
5211	141
5212	118
5213	111
5214	127
5215	96
5216	78
5217	66
5218	62
5219	40
5220	33
5221	35
5222	39
5223	35
5224	43
5225	25
5226	33
5227	31
5228	17
5229	41
5230	32
5231	27
5232	28
5233	36
5234	34
5235	24
5236	34
5237	29
5238	35
5239	25
5240	35
5241	32
5242	23
5243	27
5244	25
5245	43
5246	27
5247	41
5248	24
5249	20
5250	27
5251	29
5252	36
5253	35
5254	31
5255	29
5256	41
5257	29
5258	32
5259	26
5260	36
5261	30
5262	28
5263	31
5264	31
5265	35
5266	31
5267	27
5268	29
5269	28
5270	29
5271	26
5272	38
5273	21
5274	38
5275	27
5276	22
5277	34
5278	43
5279	38
5280	25
5281	32
5282	36
5283	30
5284	39
5285	34
5286	36
5287	42
5288	55
5289	55
5290	65
5291	67
5292	80
5293	107
5294	93
5295	113
5296	109
5297	82
5298	77
5299	66
5300	56
5301	39
5302	36
5303	26
5304	21
5305	26
5306	40
5307	27
5308	30
5309	28
5310	34
5311	43
5312	37
5313	20
5314	31
5315	28
5316	30
5317	29
5318	31
5319	30
5320	44
5321	25
5322	30
5323	26
5324	25
5325	30
5326	28
5327	27
5328	40
5329	41
5330	35
5331	37
5332	32
5333	28
5334	33
5335	30
5336	36
5337	32
5338	28
5339	41
5340	32
5341	32
5342	29
5343	31
5344	50
5345	68
5346	64
5347	112
5348	181
5349	220
5350	351
5351	500
5352	599
5353	709
5354	784
5355	770
5356	705
5357	632
5358	463
5359	361
5360	250
5361	157
5362	92
5363	54
5364	48
5365	41
5366	30
5367	21
5368	31
5369	21
5370	29
5371	32
5372	25
5373	27
5374	34
5375	27
5376	22
5377	33
5378	29
5379	29
5380	26
5381	28
5382	26
5383	41
5384	21
5385	29
5386	25
5387	31
5388	37
5389	26
5390	27
5391	25
5392	31
5393	30
5394	25
5395	29
5396	20
5397	23
5398	32
5399	32
5400	32
5401	27
5402	22
5403	29
5404	25
5405	33
5406	38
5407	20
5408	22
5409	22
5410	32
5411	21
5412	34
5413	32
5414	25
5415	26
5416	33
5417	25
5418	17
5419	21
5420	35
5421	31
5422	30
5423	26
5424	19
5425	34
5426	33
5427	25
5428	26
5429	31
5430	25
5431	24
5432	30
5433	25
5434	34
5435	31
5436	21
5437	35
5438	29
5439	20
5440	30
5441	34
5442	18
5443	31
5444	24
5445	25
5446	28
5447	26
5448	29
5449	15
5450	28
5451	24
5452	21
5453	27
5454	26
5455	39
5456	17
5457	25
5458	20
5459	29
5460	19
5461	30
5462	33
5463	17
5464	22
5465	26
5466	28
5467	26
5468	32
5469	26
5470	30
5471	21
5472	28
5473	22
5474	27
5475	27
5476	26
5477	24
5478	34
5479	23
5480	29
5481	23
5482	23
5483	25
5484	26
5485	30
5486	29
5487	31
5488	31
5489	23
5490	32
5491	25
5492	22
5493	28
5494	27
5495	22
5496	31
5497	29
5498	28
5499	30
5500	30
5501	22
5502	33
5503	27
5504	22
5505	32
5506	34
5507	34
5508	26
5509	25
5510	34
5511	24
5512	28
5513	20
5514	23
5515	24
5516	35
5517	30
5518	28
5519	20
5520	29
5521	27
5522	20
5523	33
5524	35
5525	32
5526	23
5527	30
5528	28
5529	31
5530	24
5531	35
5532	39
5533	42
5534	45
5535	44
5536	43
5537	59
5538	40
5539	43
5540	33
5541	35
5542	31
5543	33
5544	27
5545	24
5546	29
5547	21
5548	24
5549	31
5550	30
5551	19
5552	21
5553	25
5554	29
5555	21
5556	25
5557	22
5558	33
5559	21
5560	32
5561	27
5562	26
5563	19
5564	31
5565	35
5566	36
5567	34
5568	29
5569	26
5570	31
5571	24
5572	20
5573	39
5574	21
5575	38
5576	35
5577	24
5578	26
5579	26
5580	24
5581	31
5582	21
5583	27
5584	27
5585	24
5586	29
5587	35
5588	21
5589	23
5590	17
5591	21
5592	18
5593	25
5594	21
5595	30
5596	22
5597	19
5598	22
5599	29
5600	14
5601	26
5602	30
5603	27
5604	21
5605	26
5606	24
5607	32
5608	37
5609	32
5610	26
5611	25
5612	32
5613	27
5614	20
5615	20
5616	27
5617	30
5618	23
5619	25
5620	21
5621	25
5622	21
5623	21
5624	27
5625	24
5626	36
5627	27
5628	22
5629	32
5630	34
5631	28
5632	41
5633	38
5634	30
5635	29
5636	26
5637	24
5638	28
5639	21
5640	24
5641	24
5642	27
5643	23
5644	23
5645	28
5646	20
5647	21
5648	15
5649	16
5650	30
5651	28
5652	31
5653	28
5654	31
5655	46
5656	44
5657	57
5658	43
5659	46
5660	46
5661	41
5662	31
5663	35
5664	31
5665	26
5666	23
5667	20
5668	31
5669	14
5670	27
5671	31
5672	23
5673	23
5674	34
5675	31
5676	23
5677	25
5678	17
5679	17
5680	22
5681	20
5682	20
5683	28
5684	24
5685	12
5686	20
5687	28
5688	32
5689	26
5690	16
5691	16
5692	28
5693	25
5694	21
5695	20
5696	15
5697	28
5698	20
5699	25
5700	33
5701	24
5702	23
5703	28
5704	26
5705	30
5706	33
5707	26
5708	19
5709	25
5710	28
5711	22
5712	24
5713	24
5714	19
5715	24
5716	20
5717	26
5718	16
5719	21
5720	27
5721	15
5722	30
5723	16
5724	25
5725	20
5726	24
5727	27
5728	22
5729	27
5730	22
5731	32
5732	24
5733	30
5734	27
5735	26
5736	20
5737	27
5738	30
5739	23
5740	29
5741	21
5742	13
5743	26
5744	15
5745	14
5746	31
5747	21
5748	25
5749	22
5750	30
5751	15
5752	23
5753	34
5754	39
5755	23
5756	29
5757	27
5758	26
5759	20
5760	22
5761	23
5762	19
5763	20
5764	20
5765	21
5766	28
5767	27
5768	33
5769	21
5770	26
5771	26
5772	28
5773	25
5774	21
5775	20
5776	21
5777	24
5778	26
5779	19
5780	28
5781	27
5782	25
5783	25
5784	24
5785	30
5786	26
5787	23
5788	32
5789	21
5790	28
5791	32
5792	19
5793	25
5794	20
5795	21
5796	33
5797	24
5798	14
5799	16
5800	18
5801	24
5802	22
5803	21
5804	19
5805	31
5806	30
5807	14
5808	25
5809	17
5810	20
5811	27
5812	18
5813	24
5814	22
5815	36
5816	26
5817	28
5818	24
5819	21
5820	24
5821	24
5822	27
5823	27
5824	18
5825	24
5826	27
5827	26
5828	23
5829	25
5830	34
5831	19
5832	25
5833	28
5834	26
5835	21
5836	17
5837	16
5838	30
5839	34
5840	28
5841	21
5842	28
5843	22
5844	22
5845	24
5846	23
5847	29
5848	29
5849	25
5850	30
5851	24
5852	22
5853	28
5854	18
5855	21
5856	25
5857	28
5858	29
5859	31
5860	35
5861	41
5862	44
5863	72
5864	78
5865	106
5866	160
5867	193
5868	219
5869	243
5870	250
5871	270
5872	208
5873	189
5874	136
5875	117
5876	70
5877	60
5878	34
5879	30
5880	23
5881	13
5882	22
5883	25
5884	17
5885	19
5886	35
5887	23
5888	16
5889	20
5890	23
5891	29
5892	24
5893	21
5894	23
5895	23
5896	21
5897	15
5898	14
5899	22
5900	20
5901	18
5902	20
5903	21
5904	26
5905	26
5906	24
5907	16
5908	28
5909	18
5910	30
5911	21
5912	23
5913	10
5914	21
5915	26
5916	15
5917	22
5918	22
5919	21
5920	34
5921	31
5922	41
5923	47
5924	64
5925	42
5926	47
5927	55
5928	52
5929	59
5930	33
5931	33
5932	35
5933	20
5934	23
5935	28
5936	23
5937	18
5938	20
5939	16
5940	27
5941	14
5942	22
5943	23
5944	25
5945	21
5946	20
5947	25
5948	13
5949	23
5950	25
5951	26
5952	20
5953	26
5954	25
5955	19
5956	22
5957	17
5958	29
5959	26
5960	30
5961	20
5962	20
5963	20
5964	26
5965	20
5966	14
5967	24
5968	17
5969	13
5970	17
5971	20
5972	16
5973	18
5974	19
5975	17
5976	29
5977	25
5978	19
5979	13
5980	18
5981	9
5982	30
5983	18
5984	16
5985	23
5986	25
5987	20
5988	15
5989	32
5990	35
5991	16
5992	24
5993	18
5994	21
5995	22
5996	18
5997	18
5998	21
5999	20
6000	25
6001	32
6002	26
6003	27
6004	22
6005	24
6006	36
6007	24
6008	31
6009	33
6010	31
6011	43
6012	26
6013	22
6014	34
6015	28
6016	29
6017	17
6018	29
6019	19
6020	16
6021	20
6022	17
6023	24
6024	21
6025	19
6026	20
6027	25
6028	15
6029	26
6030	26
6031	34
6032	30
6033	25
6034	21
6035	29
6036	24
6037	22
6038	26
6039	16
6040	22
6041	15
6042	16
6043	22
6044	17
6045	20
6046	25
6047	23
6048	29
6049	9
6050	23
6051	19
6052	20
6053	16
6054	25
6055	17
6056	27
6057	27
6058	22
6059	31
6060	28
6061	26
6062	30
6063	51
6064	49
6065	33
6066	30
6067	32
6068	25
6069	21
6070	23
6071	31
6072	15
6073	27
6074	25
6075	19
6076	21
6077	27
6078	21
6079	26
6080	33
6081	19
6082	20
6083	17
6084	26
6085	16
6086	11
6087	23
6088	24
6089	24
6090	33
6091	24
6092	28
6093	25
6094	20
6095	11
6096	18
6097	16
6098	12
6099	21
6100	26
6101	22
6102	12
6103	28
6104	22
6105	20
6106	21
6107	17
6108	24
6109	18
6110	18
6111	13
6112	19
6113	18
6114	23
6115	19
6116	29
6117	15
6118	19
6119	28
6120	21
6121	19
6122	16
6123	24
6124	22
6125	27
6126	13
6127	25
6128	20
6129	18
6130	24
6131	12
6132	23
6133	16
6134	25
6135	16
6136	17
6137	27
6138	19
6139	28
6140	14
6141	24
6142	22
6143	19
6144	20
6145	14
6146	17
6147	22
6148	10
6149	19
6150	16
6151	30
6152	22
6153	20
6154	25
6155	23
6156	24
6157	23
6158	19
6159	24
6160	11
6161	16
6162	16
6163	25
6164	26
6165	16
6166	20
6167	12
6168	18
6169	26
6170	12
6171	30
6172	14
6173	19
6174	16
6175	18
6176	20
6177	14
6178	26
6179	23
6180	25
6181	17
6182	18
6183	11
6184	21
6185	25
6186	23
6187	17
6188	17
6189	23
6190	19
6191	14
6192	20
6193	25
6194	15
6195	26
6196	23
6197	19
6198	18
6199	21
6200	18
6201	18
6202	28
6203	14
6204	23
6205	16
6206	17
6207	20
6208	17
6209	23
6210	22
6211	25
6212	19
6213	16
6214	26
6215	18
6216	19
6217	16
6218	18
6219	17
6220	17
6221	19
6222	16
6223	19
6224	16
6225	13
6226	20
6227	23
6228	22
6229	15
6230	22
6231	19
6232	13
6233	13
6234	20
6235	27
6236	19
6237	29
6238	26
6239	18
6240	16
6241	18
6242	15
6243	22
6244	27
6245	18
6246	14
6247	12
6248	19
6249	17
6250	20
6251	16
6252	20
6253	16
6254	15
6255	17
6256	17
6257	25
6258	21
6259	19
6260	13
6261	17
6262	15
6263	21
6264	29
6265	17
6266	22
6267	21
6268	18
6269	25
6270	15
6271	20
6272	16
6273	17
6274	21
6275	21
6276	21
6277	13
6278	25
6279	17
6280	21
6281	18
6282	17
6283	14
6284	18
6285	13
6286	19
6287	17
6288	22
6289	16
6290	16
6291	19
6292	12
6293	20
6294	18
6295	21
6296	13
6297	24
6298	17
6299	15
6300	18
6301	13
6302	17
6303	16
6304	13
6305	15
6306	23
6307	15
6308	35
6309	20
6310	16
6311	17
6312	22
6313	23
6314	23
6315	15
6316	17
6317	11
6318	15
6319	24
6320	20
6321	18
6322	14
6323	21
6324	23
6325	22
6326	12
6327	17
6328	14
6329	26
6330	28
6331	14
6332	21
6333	14
6334	20
6335	10
6336	12
6337	29
6338	21
6339	14
6340	11
6341	21
6342	23
6343	14
6344	14
6345	14
6346	27
6347	21
6348	20
6349	23
6350	17
6351	26
6352	27
6353	22
6354	25
6355	16
6356	18
6357	21
6358	22
6359	23
6360	17
6361	25
6362	27
6363	21
6364	18
6365	22
6366	14
6367	20
6368	12
6369	21
6370	23
6371	25
6372	10
6373	19
6374	19
6375	19
6376	25
6377	34
6378	52
6379	48
6380	67
6381	61
6382	71
6383	51
6384	54
6385	47
6386	48
6387	39
6388	32
6389	24
6390	28
6391	26
6392	36
6393	40
6394	52
6395	59
6396	65
6397	75
6398	74
6399	74
6400	55
6401	63
6402	68
6403	54
6404	40
6405	40
6406	27
6407	33
6408	32
6409	31
6410	33
6411	33
6412	30
6413	32
6414	43
6415	32
6416	24
6417	36
6418	20
6419	23
6420	16
6421	27
6422	22
6423	17
6424	31
6425	19
6426	27
6427	20
6428	12
6429	26
6430	17
6431	19
6432	12
6433	25
6434	18
6435	20
6436	17
6437	13
6438	20
6439	20
6440	16
6441	17
6442	13
6443	22
6444	26
6445	19
6446	18
6447	22
6448	20
6449	21
6450	23
6451	22
6452	7
6453	20
6454	24
6455	11
6456	23
6457	14
6458	32
6459	15
6460	19
6461	20
6462	22
6463	18
6464	23
6465	17
6466	14
6467	25
6468	23
6469	18
6470	19
6471	18
6472	16
6473	12
6474	20
6475	23
6476	12
6477	17
6478	17
6479	15
6480	16
6481	22
6482	16
6483	24
6484	20
6485	18
6486	14
6487	23
6488	15
6489	20
6490	15
6491	19
6492	18
6493	22
6494	15
6495	16
6496	12
6497	15
6498	15
6499	14
6500	9
6501	20
6502	16
6503	20
6504	26
6505	16
6506	16
6507	28
6508	15
6509	31
6510	30
6511	39
6512	39
6513	41
6514	45
6515	28
6516	22
6517	32
6518	25
6519	18
6520	16
6521	11
6522	20
6523	21
6524	14
6525	25
6526	17
6527	17
6528	19
6529	17
6530	23
6531	18
6532	18
6533	18
6534	24
6535	16
6536	21
6537	23
6538	12
6539	16
6540	12
6541	20
6542	19
6543	23
6544	12
6545	24
6546	25
6547	28
6548	28
6549	36
6550	36
6551	29
6552	44
6553	35
6554	32
6555	29
6556	31
6557	20
6558	24
6559	20
6560	23
6561	19
6562	17
6563	15
6564	11
6565	18
6566	18
6567	18
6568	18
6569	23
6570	20
6571	19
6572	20
6573	8
6574	19
6575	19
6576	21
6577	12
6578	17
6579	23
6580	20
6581	25
6582	30
6583	19
6584	22
6585	27
6586	14
6587	20
6588	18
6589	19
6590	14
6591	15
6592	19
6593	16
6594	12
6595	11
6596	17
6597	9
6598	18
6599	18
6600	20
6601	24
6602	18
6603	18
6604	16
6605	15
6606	18
6607	11
6608	16
6609	16
6610	11
6611	17
6612	16
6613	13
6614	16
6615	14
6616	10
6617	24
6618	20
6619	25
6620	25
6621	13
6622	20
6623	9
6624	17
6625	13
6626	16
6627	13
6628	12
6629	25
6630	16
6631	24
6632	14
6633	20
6634	13
6635	16
6636	23
6637	24
6638	21
6639	22
6640	14
6641	20
6642	13
6643	16
6644	17
6645	8
6646	15
6647	18
6648	18
6649	20
6650	11
6651	19
6652	28
6653	16
6654	23
6655	17
6656	12
6657	13
6658	15
6659	14
6660	21
6661	15
6662	14
6663	17
6664	12
6665	19
6666	21
6667	28
6668	14
6669	12
6670	15
6671	16
6672	19
6673	32
6674	29
6675	22
6676	17
6677	25
6678	32
6679	22
6680	14
6681	18
6682	22
6683	21
6684	13
6685	13
6686	14
6687	18
6688	17
6689	20
6690	19
6691	17
6692	17
6693	11
6694	13
6695	16
6696	10
6697	18
6698	14
6699	14
6700	16
6701	18
6702	13
6703	9
6704	12
6705	11
6706	23
6707	14
6708	18
6709	20
6710	16
6711	15
6712	15
6713	9
6714	15
6715	10
6716	14
6717	14
6718	10
6719	19
6720	16
6721	21
6722	15
6723	19
6724	16
6725	17
6726	13
6727	23
6728	10
6729	8
6730	16
6731	19
6732	16
6733	17
6734	21
6735	16
6736	12
6737	13
6738	19
6739	19
6740	13
6741	15
6742	19
6743	14
6744	16
6745	13
6746	30
6747	17
6748	13
6749	12
6750	19
6751	16
6752	13
6753	19
6754	14
6755	20
6756	16
6757	25
6758	18
6759	12
6760	16
6761	18
6762	12
6763	20
6764	24
6765	16
6766	16
6767	13
6768	18
6769	16
6770	14
6771	16
6772	16
6773	17
6774	21
6775	17
6776	14
6777	14
6778	16
6779	17
6780	21
6781	12
6782	12
6783	15
6784	24
6785	17
6786	16
6787	13
6788	17
6789	13
6790	13
6791	21
6792	18
6793	12
6794	16
6795	23
6796	20
6797	27
6798	17
6799	16
6800	21
6801	15
6802	17
6803	16
6804	16
6805	15
6806	16
6807	14
6808	14
6809	14
6810	12
6811	19
6812	15
6813	5
6814	13
6815	17
6816	11
6817	21
6818	19
6819	21
6820	15
6821	12
6822	17
6823	19
6824	16
6825	16
6826	14
6827	23
6828	15
6829	12
6830	19
6831	15
6832	14
6833	14
6834	10
6835	22
6836	16
6837	15
6838	20
6839	12
6840	15
6841	18
6842	13
6843	20
6844	16
6845	11
6846	11
6847	20
6848	6
6849	17
6850	17
6851	11
6852	12
6853	10
6854	6
6855	15
6856	13
6857	14
6858	24
6859	18
6860	16
6861	10
6862	11
6863	10
6864	15
6865	15
6866	15
6867	13
6868	20
6869	9
6870	10
6871	9
6872	19
6873	8
6874	16
6875	7
6876	12
6877	14
6878	10
6879	13
6880	14
6881	20
6882	17
6883	13
6884	14
6885	13
6886	11
6887	16
6888	20
6889	16
6890	13
6891	21
6892	17
6893	12
6894	14
6895	16
6896	19
6897	18
6898	19
6899	14
6900	20
6901	24
6902	11
6903	19
6904	14
6905	16
6906	12
6907	16
6908	14
6909	10
6910	18
6911	15
6912	18
6913	19
6914	15
6915	17
6916	13
6917	19
6918	10
6919	12
6920	12
6921	8
6922	8
6923	17
6924	15
6925	17
6926	11
6927	13
6928	14
6929	11
6930	9
6931	14
6932	20
6933	13
6934	8
6935	12
6936	14
6937	8
6938	16
6939	19
6940	9
6941	15
6942	17
6943	26
6944	27
6945	25
6946	41
6947	35
6948	29
6949	28
6950	32
6951	30
6952	31
6953	21
6954	23
6955	21
6956	20
6957	13
6958	11
6959	9
6960	18
6961	16
6962	11
6963	17
6964	15
6965	10
6966	8
6967	14
6968	11
6969	11
6970	15
6971	12
6972	16
6973	11
6974	18
6975	18
6976	11
6977	16
6978	8
6979	15
6980	13
6981	21
6982	12
6983	13
6984	12
6985	10
6986	16
6987	20
6988	13
6989	8
6990	8
6991	11
6992	10
6993	7
6994	16
6995	12
6996	7
6997	14
6998	15
6999	10
7000	18
7001	15
7002	20
7003	14
7004	9
7005	14
7006	7
7007	15
7008	4
7009	19
7010	9
7011	8
7012	18
7013	11
7014	20
7015	17
7016	18
7017	13
7018	10
7019	18
7020	13
7021	14
7022	10
7023	13
7024	19
7025	12
7026	17
7027	10
7028	15
7029	11
7030	13
7031	10
7032	11
7033	10
7034	11
7035	10
7036	19
7037	15
7038	15
7039	22
7040	12
7041	21
7042	20
7043	9
7044	12
7045	10
7046	24
7047	23
7048	14
7049	15
7050	14
7051	19
7052	7
7053	16
7054	10
7055	9
7056	16
7057	14
7058	19
7059	11
7060	8
7061	9
7062	22
7063	19
7064	24
7065	21
7066	13
7067	10
7068	10
7069	14
7070	13
7071	14
7072	16
7073	10
7074	16
7075	16
7076	12
7077	24
7078	17
7079	15
7080	22
7081	26
7082	20
7083	38
7084	46
7085	88
7086	77
7087	103
7088	108
7089	130
7090	120
7091	118
7092	119
7093	88
7094	77
7095	64
7096	36
7097	28
7098	23
7099	21
7100	14
7101	15
7102	10
7103	15
7104	11
7105	22
7106	15
7107	19
7108	18
7109	19
7110	10
7111	4
7112	14
7113	16
7114	13
7115	15
7116	15
7117	8
7118	21
7119	15
7120	15
7121	12
7122	14
7123	16
7124	14
7125	6
7126	14
7127	17
7128	13
7129	12
7130	15
7131	13
7132	13
7133	11
7134	17
7135	10
7136	12
7137	12
7138	22
7139	19
7140	12
7141	17
7142	17
7143	11
7144	10
7145	14
7146	11
7147	14
7148	18
7149	10
7150	7
7151	12
7152	12
7153	16
7154	15
7155	12
7156	19
7157	12
7158	15
7159	15
7160	12
7161	20
7162	12
7163	9
7164	11
7165	11
7166	10
7167	15
7168	16
7169	18
7170	11
7171	20
7172	8
7173	21
7174	12
7175	17
7176	19
7177	14
7178	11
7179	17
7180	11
7181	10
7182	9
7183	15
7184	13
7185	15
7186	10
7187	16
7188	14
7189	10
7190	18
7191	11
7192	8
7193	18
7194	22
7195	16
7196	21
7197	17
7198	15
7199	11
7200	18
7201	12
7202	17
7203	15
7204	12
7205	10
7206	17
7207	12
7208	10
7209	12
7210	19
7211	14
7212	13
7213	14
7214	20
7215	12
7216	13
7217	14
7218	6
7219	9
7220	22
7221	15
7222	15
7223	12
7224	10
7225	13
7226	10
7227	22
7228	16
7229	10
7230	17
7231	14
7232	10
7233	11
7234	12
7235	15
7236	14
7237	14
7238	13
7239	10
7240	13
7241	12
7242	14
7243	25
7244	7
7245	11
7246	12
7247	20
7248	13
7249	14
7250	10
7251	8
7252	10
7253	10
7254	19
7255	10
7256	12
7257	22
7258	12
7259	20
7260	13
7261	16
7262	17
7263	17
7264	14
7265	13
7266	14
7267	9
7268	9
7269	21
7270	20
7271	9
7272	22
7273	12
7274	12
7275	11
7276	8
7277	12
7278	12
7279	7
7280	13
7281	11
7282	9
7283	15
7284	16
7285	13
7286	15
7287	14
7288	9
7289	19
7290	12
7291	16
7292	10
7293	12
7294	14
7295	12
7296	11
7297	11
7298	11
7299	10
7300	16
7301	7
7302	12
7303	22
7304	16
7305	11
7306	16
7307	11
7308	11
7309	11
7310	13
7311	12
7312	14
7313	21
7314	13
7315	13
7316	26
7317	17
7318	13
7319	8
7320	19
7321	16
7322	10
7323	14
7324	17
7325	18
7326	14
7327	6
7328	23
7329	18
7330	7
7331	7
7332	9
7333	15
7334	15
7335	15
7336	11
7337	13
7338	14
7339	11
7340	15
7341	13
7342	14
7343	13
7344	10
7345	14
7346	11
7347	9
7348	17
7349	22
7350	9
7351	10
7352	17
7353	17
7354	13
7355	12
7356	15
7357	12
7358	9
7359	16
7360	10
7361	17
7362	12
7363	22
7364	9
7365	12
7366	9
7367	14
7368	8
7369	7
7370	19
7371	9
7372	15
7373	7
7374	15
7375	12
7376	14
7377	18
7378	9
7379	6
7380	12
7381	13
7382	20
7383	13
7384	12
7385	16
7386	12
7387	16
7388	22
7389	14
7390	12
7391	10
7392	14
7393	13
7394	15
7395	11
7396	20
7397	9
7398	20
7399	15
7400	16
7401	13
7402	14
7403	10
7404	7
7405	14
7406	14
7407	14
7408	14
7409	12
7410	14
7411	15
7412	12
7413	13
7414	18
7415	10
7416	12
7417	15
7418	24
7419	17
7420	22
7421	25
7422	28
7423	31
7424	29
7425	24
7426	36
7427	21
7428	17
7429	10
7430	15
7431	14
7432	16
7433	6
7434	14
7435	13
7436	6
7437	11
7438	20
7439	8
7440	12
7441	13
7442	13
7443	11
7444	15
7445	15
7446	11
7447	14
7448	14
7449	9
7450	15
7451	16
7452	11
7453	13
7454	12
7455	16
7456	19
7457	20
7458	8
7459	10
7460	10
7461	21
7462	13
7463	19
7464	10
7465	11
7466	14
7467	13
7468	23
7469	11
7470	9
7471	8
7472	18
7473	17
7474	13
7475	13
7476	10
7477	8
7478	7
7479	13
7480	13
7481	6
7482	12
7483	11
7484	9
7485	11
7486	11
7487	13
7488	19
7489	12
7490	10
7491	15
7492	7
7493	16
7494	14
7495	14
7496	7
7497	20
7498	14
7499	13
7500	15
7501	9
7502	16
7503	10
7504	13
7505	12
7506	16
7507	8
7508	16
7509	9
7510	13
7511	10
7512	21
7513	17
7514	5
7515	11
7516	10
7517	13
7518	20
7519	15
7520	21
7521	18
7522	27
7523	18
7524	24
7525	12
7526	14
7527	17
7528	16
7529	12
7530	8
7531	13
7532	14
7533	13
7534	5
7535	12
7536	13
7537	15
7538	21
7539	13
7540	12
7541	5
7542	17
7543	18
7544	11
7545	20
7546	14
7547	17
7548	14
7549	13
7550	11
7551	11
7552	13
7553	9
7554	11
7555	18
7556	9
7557	11
7558	13
7559	22
7560	6
7561	16
7562	13
7563	16
7564	14
7565	14
7566	13
7567	13
7568	12
7569	13
7570	12
7571	14
7572	8
7573	12
7574	22
7575	18
7576	11
7577	13
7578	14
7579	18
7580	12
7581	10
7582	17
7583	8
7584	18
7585	11
7586	18
7587	11
7588	10
7589	8
7590	21
7591	17
7592	7
7593	11
7594	19
7595	10
7596	12
7597	14
7598	17
7599	10
7600	17
7601	12
7602	9
7603	14
7604	22
7605	9
7606	12
7607	9
7608	13
7609	9
7610	10
7611	19
7612	10
7613	19
7614	9
7615	13
7616	14
7617	12
7618	11
7619	7
7620	8
7621	11
7622	9
7623	12
7624	11
7625	10
7626	13
7627	11
7628	17
7629	9
7630	8
7631	16
7632	20
7633	12
7634	10
7635	11
7636	11
7637	15
7638	13
7639	10
7640	14
7641	13
7642	9
7643	13
7644	10
7645	9
7646	12
7647	19
7648	10
7649	16
7650	14
7651	9
7652	14
7653	16
7654	17
7655	13
7656	25
7657	17
7658	18
7659	12
7660	17
7661	13
7662	19
7663	12
7664	8
7665	15
7666	10
7667	7
7668	10
7669	17
7670	16
7671	3
7672	10
7673	17
7674	13
7675	15
7676	7
7677	17
7678	12
7679	10
7680	9
7681	17
7682	9
7683	22
7684	14
7685	16
7686	9
7687	14
7688	18
7689	13
7690	14
7691	7
7692	13
7693	9
7694	10
7695	16
7696	13
7697	10
7698	9
7699	8
7700	8
7701	9
7702	19
7703	12
7704	14
7705	10
7706	8
7707	10
7708	6
7709	15
7710	12
7711	13
7712	15
7713	7
7714	14
7715	10
7716	13
7717	14
7718	13
7719	14
7720	13
7721	11
7722	16
7723	19
7724	15
7725	12
7726	14
7727	19
7728	18
7729	20
7730	12
7731	16
7732	9
7733	19
7734	13
7735	5
7736	17
7737	13
7738	9
7739	14
7740	17
7741	15
7742	15
7743	12
7744	17
7745	10
7746	5
7747	9
7748	9
7749	10
7750	15
7751	15
7752	17
7753	12
7754	12
7755	13
7756	10
7757	10
7758	12
7759	16
7760	11
7761	8
7762	17
7763	10
7764	15
7765	16
7766	10
7767	8
7768	16
7769	12
7770	9
7771	17
7772	14
7773	13
7774	19
7775	16
7776	11
7777	12
7778	9
7779	16
7780	15
7781	15
7782	11
7783	11
7784	11
7785	10
7786	9
7787	11
7788	17
7789	11
7790	19
7791	9
7792	7
7793	14
7794	16
7795	20
7796	17
7797	6
7798	13
7799	12
7800	13
7801	13
7802	15
7803	8
7804	15
7805	16
7806	12
7807	11
7808	14
7809	11
7810	19
7811	8
7812	8
7813	11
7814	11
7815	11
7816	15
7817	6
7818	15
7819	9
7820	10
7821	10
7822	9
7823	14
7824	15
7825	15
7826	16
7827	20
7828	12
7829	12
7830	13
7831	13
7832	15
7833	13
7834	9
7835	14
7836	12
7837	15
7838	8
7839	14
7840	10
7841	13
7842	15
7843	13
7844	16
7845	10
7846	14
7847	7
7848	15
7849	13
7850	10
7851	15
7852	24
7853	10
7854	13
7855	9
7856	9
7857	14
7858	13
7859	10
7860	13
7861	15
7862	15
7863	9
7864	13
7865	13
7866	17
7867	13
7868	18
7869	8
7870	9
7871	6
7872	10
7873	18
7874	15
7875	20
7876	10
7877	11
7878	11
7879	10
7880	11
7881	15
7882	18
7883	8
7884	14
7885	18
7886	12
7887	13
7888	14
7889	14
7890	11
7891	10
7892	7
7893	13
7894	14
7895	10
7896	9
7897	14
7898	14
7899	8
7900	11
7901	13
7902	12
7903	16
7904	8
7905	21
7906	16
7907	10
7908	9
7909	13
7910	14
7911	12
7912	11
7913	16
7914	7
7915	5
7916	12
7917	17
7918	15
7919	17
7920	13
7921	10
7922	14
7923	14
7924	12
7925	13
7926	12
7927	14
7928	10
7929	13
7930	11
7931	14
7932	11
7933	17
7934	10
7935	7
7936	17
7937	5
7938	6
7939	10
7940	10
7941	10
7942	12
7943	12
7944	12
7945	10
7946	11
7947	20
7948	4
7949	6
7950	11
7951	16
7952	12
7953	15
7954	19
7955	8
7956	7
7957	9
7958	14
7959	10
7960	16
7961	7
7962	12
7963	10
7964	8
7965	11
7966	15
7967	22
7968	11
7969	10
7970	14
7971	9
7972	13
7973	8
7974	20
7975	10
7976	10
7977	9
7978	13
7979	6
7980	9
7981	6
7982	14
7983	8
7984	12
7985	22
7986	6
7987	11
7988	14
7989	12
7990	12
7991	9
7992	17
7993	13
7994	1
7995	10
7996	13
7997	8
7998	15
7999	12
8000	9
8001	16
8002	13
8003	12
8004	11
8005	7
8006	15
8007	57
8008	98
8009	110
8010	102
8011	99
8012	114
8013	106
8014	90
8015	114
8016	113
8017	98
8018	98
8019	81
8020	89
8021	113
8022	100
8023	126
8024	96
8025	99
8026	94
8027	98
8028	101
8029	98
8030	106
8031	98
8032	102
8033	125
8034	104
8035	101
8036	89
8037	86
8038	91
8039	114
8040	89
8041	78
8042	109
8043	90
8044	101
8045	96
8046	99
8047	94
8048	80
8049	81
8050	96
8051	117
8052	76
8053	102
8054	86
8055	82
8056	93
8057	105
8058	80
8059	89
8060	91
8061	100
8062	117
8063	112
8064	92
8065	86
8066	91
8067	95
8068	97
8069	109
8070	90
8071	110
8072	95
8073	106
8074	108
8075	99
8076	106
8077	104
8078	89
8079	108
8080	100
8081	102
8082	82
8083	83
8084	79
8085	94
8086	92
8087	78
8088	88
8089	103
8090	81
8091	95
8092	85
8093	83
8094	70
8095	84
8096	87
8097	72
8098	89
8099	68
8100	69
8101	91
8102	78
8103	82
8104	100
8105	75
8106	78
8107	94
8108	91
8109	77
8110	86
8111	83
8112	76
8113	87
8114	80
8115	116
8116	86
8117	90
8118	84
8119	87
8120	82
8121	77
8122	89
8123	78
8124	81
8125	99
8126	94
8127	74
8128	93
8129	76
8130	73
8131	70
8132	87
8133	95
8134	97
8135	79
8136	99
8137	71
8138	85
8139	97
8140	73
8141	77
8142	67
8143	85
8144	89
8145	87
8146	92
8147	92
8148	74
8149	92
8150	88
8151	95
8152	84
8153	95
8154	91
8155	77
8156	87
8157	81
8158	96
8159	82
8160	86
8161	89
8162	84
8163	96
8164	93
8165	104
8166	78
8167	83
8168	82
8169	67
8170	74
8171	77
8172	78
8173	102
8174	80
8175	89
8176	71
8177	76
8178	78
8179	61
8180	100
8181	83
8182	74
8183	88
8184	68
8185	77
8186	80
8187	59
8188	71
8189	100
8190	72
8191	38
